141
cercopithecinebeta5_RL11A  0.0000000 0.5915701 0.6628060 0.9713469 0.9894244 1.0156193 2.6609498 2.5804294 2.4443807 2.7595686 2.7669783 2.9771831 3.1976944 3.2840482 3.2177489 3.1688158 3.1571295 3.2262544 3.2702669 4.0509616 3.8085829 2.3304090 2.9434765 3.1492851 3.1979786 3.1473504 3.7063349 3.0417506 3.2300304 3.1988432 3.0703890 3.2529971 3.6049446 3.9576793 3.7881002 4.0281854 3.3709613 4.1468118 2.5942850 3.1164680 2.5711594 3.1188999 3.0195662 2.9179974 3.6782552 3.2295258 3.5648980 3.9308151 2.9529779 3.6511174 3.2249142 3.7082734 2.8912074 3.0626446 3.0226852 2.8693448 2.7594485 2.7946326 3.2802492 3.2888505 2.5383125 2.4181460 2.4854565 2.8474532 3.1572953 3.2352310 3.7109901 4.2965233 3.4324810 2.7972837 3.2332643 3.0344920 3.3043558 3.1511612 3.0853013 3.2608265 2.9651816 3.2203570 2.3888523 2.4665983 2.4359318 2.3590508 2.7087638 2.6038653 3.4359654 2.5313108 2.5232602 2.8529419 2.8887239 2.9892644 2.3578055 2.8098560 4.4127414 3.7564497 3.9531030 3.3994013 3.8404712 3.5464714 3.3640061 3.7975442 4.7960369 4.0309491 4.0264388 3.4710865 3.2592810 2.8310375 3.4840642 3.2345963 4.1602573 4.0630830 4.2040456 3.8432860 3.8145770 3.9206605 4.0807017 4.2956204 3.3024143 3.9576889 3.0950805 3.3027148 4.5765708 4.0741252 3.7470070 4.2025642 3.9457756 3.8564043 4.5052339 4.0569800 3.2221028 3.7184288 4.5865463 3.6512954 4.3501510 4.2917513 3.3056465 3.8693867 3.7511674 3.7912963 3.8905200 3.3987232 2.7827326 
mandrillinebeta1_RL11A     0.5915701 0.0000000 0.4386523 0.8030857 0.9047874 0.9070583 2.8778085 2.7551592 2.5834668 2.9284221 2.9839002 3.0896218 3.4045506 3.3424586 3.2751365 2.9774734 3.0295368 3.1131897 3.2516202 3.5111416 3.3326241 2.5477415 3.1059751 3.1515069 3.0352170 3.3769318 3.8725466 2.7011741 3.2591673 3.3321964 3.2786555 3.6791946 3.6792151 3.8042184 3.5597380 3.9785476 3.9220513 3.8046982 2.9227789 3.3784705 2.8941217 3.1879731 3.1321530 3.0731631 4.3013255 3.0622720 4.3957535 4.3944970 2.6777147 3.0302032 3.0632016 3.0049911 3.1344465 3.0505170 3.3666842 3.1232624 3.0380999 3.0221641 3.6193618 3.7103657 3.2768634 3.0276975 3.1442155 3.2847069 3.7203754 3.7850374 4.1260751 3.7983319 3.5922154 3.0129361 3.0814823 3.1782900 3.2554555 3.1833088 2.8796239 2.9886908 2.9282459 3.2771066 2.6078981 2.7813348 2.9910075 2.6849709 2.7449428 2.7204435 3.3767218 2.8375711 2.9181689 2.8786245 3.0265961 3.2127710 2.3283469 2.4444500 4.5694143 3.8091584 3.5216439 3.4115633 3.8482815 3.3704880 3.5209294 3.9471309 4.0634055 3.8646116 3.9005608 4.1703657 4.2254896 3.5226251 3.7954355 3.1863132 3.7169253 4.1457506 3.9658210 3.1644791 3.9735706 3.6030840 3.6582045 3.7173934 3.3831458 3.9749325 3.0510928 3.3190451 3.5861174 4.6217909 3.7620635 4.2220751 3.4941378 3.4424740 3.7580069 4.3310199 3.2334655 4.3218474 5.0442085 4.2282736 5.3913058 4.9483869 3.5195237 4.1591006 3.9616931 4.3721864 3.7164849 3.8384394 2.6539922 
papiinebeta4_RL11A         0.6628060 0.4386523 0.0000000 0.9032051 0.9807270 0.9787635 2.9835612 2.9010527 2.6188338 2.9979533 3.1282424 3.4607779 3.9589355 3.7091113 3.2079453 3.5037671 3.5484571 3.6884804 3.4047944 4.0862946 3.9081071 2.9744810 3.1066750 3.2433045 3.3054491 3.4007172 4.2164757 2.9594309 3.3529305 3.3671469 3.3934276 3.6133756 3.8820914 4.2175131 3.9159513 4.6360492 3.6417239 4.1415456 3.1380492 3.5007936 2.9426772 3.4067940 3.4917147 3.3912899 3.7568655 3.1312316 4.1515185 4.2122831 2.5713218 3.2508392 3.1684903 3.0320709 3.2706591 2.9924296 3.2249733 3.2792728 3.1801247 3.2079139 3.3819644 3.6065987 3.2612734 2.9720461 3.1451402 3.5038216 3.8446522 3.9387525 4.1001910 4.0994286 3.8601567 3.2397526 2.9532542 3.1519199 3.2147127 3.2946529 2.9259844 3.2051812 2.6800511 3.0087935 2.8896486 3.0308786 3.0318677 2.8748599 2.7784682 3.0600601 3.5582942 3.1284045 3.3730767 3.1743234 3.0676509 3.4126043 2.7437108 2.7421096 4.5650477 3.5672756 3.8646590 3.5340683 4.0675360 3.5407572 3.1802609 3.5622279 4.6105006 4.1439840 3.7794614 3.7058519 4.1176248 3.4372305 3.5877919 3.3361144 3.5821924 4.4845850 3.8429009 3.3981162 3.9993518 3.8997010 3.8483541 3.7668049 3.3473608 3.9322599 3.0822665 3.0683727 3.7807560 4.5217684 3.5635696 4.2106164 3.8237406 3.6883456 3.4780387 4.3707577 3.2448423 4.3809273 4.7553322 4.5670784 5.2955451 4.8921479 3.7199916 4.1399838 4.5214435 4.7887064 4.5886779 4.3195641 2.6747519 
macacinebetajap_RL11A      0.9713469 0.8030857 0.9032051 0.0000000 0.1086762 0.1139211 3.0834937 2.8911262 2.7418823 2.8300055 2.9469579 3.1532086 4.0829131 3.8369464 3.6614709 3.4924507 3.4173421 3.5276524 3.6956006 3.8848967 3.7059182 2.7790017 3.1553263 2.8806079 3.0120509 3.6479310 4.2193213 3.0020929 3.2205022 3.3568976 3.0821125 3.3237720 3.3145139 3.5423568 3.2142364 3.9062554 4.2484774 4.2882003 2.5942339 2.9667204 2.4674064 2.7767347 2.7519757 2.6480978 4.3210214 2.8902415 4.0880478 4.1176312 2.9976600 3.3281615 3.2545776 3.2647928 3.3246976 3.0201715 3.0457576 3.2213431 3.4286721 3.5449213 3.5657799 3.4150864 3.1993138 3.0397411 3.2692393 3.2992947 3.5797705 3.5779831 3.9022172 4.4174309 3.7940515 3.6523570 3.6674476 3.6463811 3.6732311 3.8085366 3.3758343 3.6399793 3.3805148 3.3294418 2.4044799 2.5326464 2.6228820 2.5119596 2.7184684 2.6281523 3.3621885 2.8832536 3.0078335 2.7015994 3.1205218 3.3111345 2.3093425 2.7187564 4.9013590 4.4475043 3.7221295 3.3274390 3.8266707 3.1769562 3.1426946 3.8176211 4.0700564 3.8666747 4.1094817 3.3128611 3.6404750 3.4648919 4.1334807 3.6756681 3.9182212 4.2464947 3.9847659 3.2511210 3.9177962 3.1033731 3.1708693 3.2267183 2.9122399 3.3856765 3.1690831 3.2712394 3.9570784 4.6726533 4.0495615 4.5764170 3.6962163 3.0589643 4.0219793 4.3924837 3.3286713 3.6248040 4.5066991 4.7680730 5.0762626 4.9254928 3.3175888 3.9135950 4.2871302 4.5184337 3.8206118 3.7053240 2.6462596 
macacinebeta3_RL11A        0.9894244 0.9047874 0.9807270 0.1086762 0.0000000 0.0552654 3.2764491 3.0470048 2.9573090 3.0732723 3.2102951 3.6044519 4.4642361 4.2473052 4.1745753 3.8229110 3.7108403 3.8535013 4.0850975 4.3290038 4.0932995 2.8575121 3.3067724 3.1091731 3.1494776 3.7942513 4.2247113 2.9901036 3.3788990 3.4601642 3.3300493 3.6247692 3.6778300 4.0811217 3.5808560 4.4616272 4.2901310 4.7098981 2.7664608 3.1868176 2.5774939 2.8802310 2.8685506 2.8356165 4.9588040 3.2930897 4.1734066 4.2311631 3.1495520 3.6400217 3.6059554 3.6258544 3.5985830 3.1898726 3.2261711 3.4481971 3.6940975 3.8298446 3.7572003 3.5691851 3.2853835 3.1498972 3.3157618 3.3684701 3.5823432 3.5623067 4.3525360 4.9122954 4.0105728 3.5418314 3.9094527 3.9954069 4.0298964 4.1390129 3.7154763 4.0043989 3.8828860 3.8663306 2.4438441 2.6327750 2.7320984 2.5868827 2.8268115 2.6338900 3.5315418 2.9279994 3.0477940 2.8151523 3.3865581 3.6155018 2.5257407 2.6835673 5.2756851 4.7596867 3.9988551 3.4014664 3.8235311 3.5084498 3.4002547 3.9753875 4.4770404 4.5498634 4.4437470 3.7397551 4.1930126 3.8376527 4.2367961 3.8143905 4.3800073 4.2948323 4.2493606 3.6868216 4.2132739 3.2873719 3.3852966 3.5190502 3.0820222 3.6124387 3.2216370 3.4455804 4.4671886 4.7921690 4.2468488 4.8643513 4.0020069 3.4458102 4.4898789 4.5192486 3.6629532 3.9123726 4.7641054 5.2849465 5.1306355 5.1750914 3.6803877 4.4058928 4.8319138 4.6869070 3.8971956 4.1781626 2.6737773 
macacinebeta8_RL11A        1.0156193 0.9070583 0.9787635 0.1139211 0.0552654 0.0000000 3.2838595 3.0564619 2.9237497 3.1319331 3.2744011 3.3783356 4.3515258 4.0980175 3.9699876 3.6673626 3.5700097 3.6373593 3.9515889 4.1699911 3.9625358 2.7291158 3.3153277 3.0388728 3.1702063 3.8038271 4.3862721 2.8712743 3.3735744 3.4535391 3.3095207 3.6599791 3.6100031 4.0727223 3.5750550 4.2906969 4.3255165 4.6578446 2.7240720 3.1636416 2.6094529 2.9323707 2.8996074 2.8109809 5.2309024 3.5139767 4.1035958 4.1302316 2.9874979 3.5988890 3.5663416 3.5853071 3.4439622 3.1691108 3.1452476 3.3625393 3.6147665 3.7501281 3.7645669 3.6221880 3.3007217 3.1971395 3.3666604 3.3269566 3.5828661 3.5582852 4.3979098 4.7566875 3.9257393 3.6349173 3.8566441 3.9479713 4.0294226 4.0503303 3.5952703 3.8837554 3.7178001 3.7686784 2.4310758 2.6459685 2.7452267 2.5573894 2.8426167 2.7024746 3.4185576 2.9209220 3.0815962 2.8409261 3.3738989 3.5692400 2.3637811 2.6975193 5.2566676 4.6495217 3.8800643 3.3400483 3.7811982 3.3410174 3.3272536 3.9504845 4.3422127 4.3526482 4.4490202 3.5070471 3.9826105 3.7254941 4.1231793 3.6843823 4.2934977 4.1962062 4.1703161 3.6263545 4.0062253 3.3027004 3.3285530 3.3954615 2.8589053 3.3192535 3.1451094 3.4204984 4.2528298 4.8215187 4.2207245 4.8724839 4.0286126 3.3689130 4.3832385 4.5026996 3.5447153 3.9475231 4.7159821 5.2642715 5.2430865 5.2905894 3.6469712 4.4017169 4.8292957 4.6099871 3.9008302 4.2203172 2.7080358 
cercopithecinebeta5_RL11G  2.6609498 2.8778085 2.9835612 3.0834937 3.2764491 3.2838595 0.0000000 0.5680737 0.5155513 0.6339769 0.7236714 4.0404662 4.5325869 4.1709184 3.7288702 3.9179778 3.8686009 3.8409076 3.9712669 3.5494250 3.7607492 3.0922667 3.0496414 3.2695609 2.9676488 3.5471967 3.6193896 2.5029158 3.5639145 3.8739387 3.4988708 2.5708853 2.8616223 3.1658534 3.0958649 3.0680160 2.8344149 3.4556941 2.2136655 2.6022071 2.4901009 2.5170882 2.6659718 2.6474852 2.5459992 2.3390591 4.1051494 5.0041037 3.5610230 2.9428653 2.5140238 2.7255604 2.6429851 2.4835603 2.5492118 2.7613619 2.7923117 2.7618039 2.7430993 3.0532699 3.4728412 3.6035087 3.7072985 3.2517373 3.7429287 3.6274646 2.9176945 2.9336265 3.4111253 3.2138553 3.3491853 3.2128793 3.1112627 2.8852506 2.9489958 2.8032170 3.0928748 3.1921906 2.7035119 2.5340001 2.6591494 2.7469843 2.6091172 2.6963554 3.4129816 2.8797174 2.6585641 3.6934322 2.5965352 3.3898715 3.1718976 3.6755165 3.9101266 3.1990922 3.3290792 3.6852360 3.4914802 3.3379943 2.8933327 2.9868219 3.7469782 2.4764326 3.8664237 3.8616921 4.1719445 3.4125040 5.0165187 4.3682735 3.4130372 4.7964106 4.3653367 3.8869503 3.4443763 4.0078443 4.2864381 4.2191480 4.7553104 6.1528335 4.4818638 3.8746990 4.5295487 3.9917421 4.3535137 4.2501540 4.4229411 4.4500865 3.8862754 4.0236228 3.2592256 4.1554606 4.6259195 5.3397528 4.3559027 4.4759141 3.5726253 3.7484972 3.1116580 3.2620580 2.9972022 3.1634910 3.3184622 
mandrillinebeta1_RL11G     2.5804294 2.7551592 2.9010527 2.8911262 3.0470048 3.0564619 0.5680737 0.0000000 0.3419319 0.7934252 0.8818918 4.2870114 4.4977830 4.0911700 3.7359352 4.1650490 3.9120269 4.0491911 4.2386482 3.8739113 3.8275124 3.4777326 3.0832391 3.2631878 2.9238117 3.6942323 3.9427169 2.6699531 3.9106038 4.1791099 3.4825245 2.7292480 3.0235287 3.0062254 3.0417617 3.0596170 3.0762883 3.4593210 2.4163537 2.7928860 2.5629702 2.7063237 2.8735877 2.8676537 2.7735145 2.4074077 4.4757031 4.8483363 3.5604993 2.8291568 2.3987487 2.5870494 2.7120576 2.6094417 2.6597552 2.7208963 2.7190759 2.5889403 3.0016768 3.4329528 3.7901501 3.4703215 3.6309283 3.7237934 4.1223483 4.1375966 3.0790187 3.1426365 3.2432197 3.0240478 3.2975203 3.3324364 3.4004528 3.0026449 2.8682365 2.8514935 3.3534396 3.1813667 3.0226409 2.6563065 2.6678402 2.5549803 2.6060967 2.8056535 3.4057153 2.7214822 2.6144111 3.2219278 2.9092386 3.5340624 4.0126500 3.7307012 3.7467657 3.0407967 3.3079740 3.6129273 3.4629751 3.3480935 3.0160195 3.2276866 3.7860721 2.4013073 3.5689433 3.4229786 3.5175721 3.0113006 3.9545037 3.6063571 3.6250155 4.7663520 4.7216042 4.1977236 3.6613790 3.9784429 4.1930377 4.1382550 5.2720107 5.5131902 4.3356639 3.4620390 3.6056720 3.6382444 3.7910058 3.8861924 3.8561794 3.8438172 3.9268300 3.5979656 2.7231770 4.1995378 4.0219144 4.5348251 4.4985423 4.6989918 3.1071776 3.5667064 3.0888501 3.3990988 3.0756339 3.4795822 3.5988670 
papiinebeta4_RL11G         2.4443807 2.5834668 2.6188338 2.7418823 2.9573090 2.9237497 0.5155513 0.3419319 0.0000000 0.7409685 0.8321023 4.1239083 4.6803270 4.3936146 3.8679127 3.8507396 3.7277919 3.8758171 3.9651490 3.6186391 3.5890200 2.8799084 3.1997389 3.4643670 3.0695575 3.6366412 3.9293335 2.7925869 3.6272144 3.7658427 3.1889652 2.8262714 3.0217634 3.0649858 3.0122773 3.2734359 2.8914105 3.5514986 2.7965785 3.2617472 2.8182977 3.0763169 3.1613067 3.1613611 2.7005944 2.5027389 4.3217587 5.2313954 3.3384637 2.6454279 2.1831564 2.4671099 2.6899569 2.6908706 2.7398253 2.9220044 3.0082848 3.0087035 2.9585218 3.3107670 3.3426251 3.3501426 3.4914781 3.6771680 3.9365188 3.9619003 3.3361080 3.1612247 3.0462649 2.8800765 3.6023231 3.5278081 3.3325288 3.2129471 3.1759839 3.1206825 3.2374845 3.3661520 2.9135945 2.6448818 2.7101899 2.7155440 2.6406130 2.8651499 3.6179198 2.9828332 2.6956731 3.4599288 2.7784476 3.8769182 3.5315563 3.7495639 4.2711102 3.1516292 3.5405954 4.0370113 3.8227433 3.7563204 3.1615118 3.2383092 3.8946992 2.5869517 3.6243432 4.0184325 3.9918347 3.1737945 4.1289303 3.7555711 3.7823388 4.3487530 4.3054559 3.8776352 3.5922954 4.2059013 4.5444422 4.4688457 4.7777627 5.1848273 4.0550259 3.3171753 3.6758948 3.8194432 4.0364150 4.1657349 4.0617361 3.8816134 3.6989066 3.3717161 2.9690585 4.0528369 4.3446830 4.7909652 4.3543415 4.2191315 3.0733278 3.3795286 3.3778206 3.7232158 3.3360261 3.6419489 3.6845932 
macacinebetajap_RL11G      2.7595686 2.9284221 2.9979533 2.8300055 3.0732723 3.1319331 0.6339769 0.7934252 0.7409685 0.0000000 0.1559715 4.2589873 4.3057788 4.3949481 3.7997043 4.4081228 4.1486790 4.2691001 4.2758739 3.8209068 3.7983915 2.9194500 3.1169436 3.3722143 2.8531533 3.3830811 3.7058762 2.7401954 3.6103988 3.8719274 3.3178390 2.4125436 2.6182688 2.6487761 2.7552661 2.6895611 2.9746150 3.0966215 2.1710736 2.5683323 2.4912814 2.4655708 2.7036829 2.6233493 3.0721202 2.2833443 4.0693295 7.6049487 3.5262770 3.2402436 2.8519508 2.9900025 2.4743979 2.6748450 2.6108966 2.6483290 2.7251057 2.5874493 2.8494443 3.0796766 3.5409275 3.3841835 3.3990104 3.1772439 3.6800541 3.7266975 3.2072737 2.9336754 3.4758665 3.0658934 3.2321188 3.1386473 2.9654308 2.9311242 3.0455504 2.9407990 3.0399700 3.2210172 2.9200747 2.7995904 2.7965405 2.9764368 2.5743358 3.0120764 3.5361511 2.7224653 2.6248479 3.4022903 2.4081163 3.5183818 3.1829928 3.8981353 3.9689850 3.4171336 3.9164298 3.9462409 4.0575785 4.1784752 2.7553600 2.9122874 3.7066935 2.5274476 3.4721341 3.3795635 3.3438001 3.0242198 4.7886307 3.8778317 3.7270097 4.4829096 4.2131965 4.4126103 3.6737483 3.6867655 3.8664451 3.8977547 3.6640124 4.8864015 3.9499479 3.4585240 4.1413780 4.1879625 4.3677091 4.4481480 4.3300156 4.1799884 3.8336807 3.6485476 3.3942084 4.3694927 4.2442656 4.5087689 4.8363524 4.1648188 3.5019114 3.7831590 3.3003662 3.5514438 2.9530639 3.2725712 3.0680455 
macacinebeta3_RL11G        2.7669783 2.9839002 3.1282424 2.9469579 3.2102951 3.2744011 0.7236714 0.8818918 0.8321023 0.1559715 0.0000000 4.2396039 4.5239787 4.5837849 3.9616707 4.5622304 4.2846748 4.4343047 4.6499419 4.0355985 4.0997264 2.8304948 2.9035491 3.2452953 2.7825765 3.2873634 3.6875857 2.7913225 3.5742184 3.8762838 3.3728886 2.4906556 2.7573149 2.5764541 2.6635450 2.5538137 3.0339184 3.0356872 2.2721484 2.6354774 2.4506193 2.5578727 2.7180153 2.6682679 3.1818072 2.3757769 4.2758497 8.7963830 3.6252617 3.2715856 2.8940928 2.9950145 2.5228234 2.7442087 2.5529913 2.7320129 2.8704149 2.6867731 2.7897272 3.0429143 3.6264776 3.4491425 3.5574831 3.2282070 3.5201668 3.5776732 3.1287979 3.0733470 3.2828865 3.0619648 3.3397443 3.2060067 3.1322076 2.9929910 3.0361794 2.9877800 3.0103399 3.2730070 3.1575152 2.9560364 2.9399781 3.0671837 2.5697990 3.0085639 3.3982225 2.6734142 2.5586447 3.3956466 2.3912660 3.4453196 3.2631721 3.8693816 4.0624485 3.4522137 4.1750503 3.9311142 4.1411773 4.1640110 2.7297864 3.0157384 3.8385539 2.7542153 3.5062516 3.6057246 3.7566744 3.1438473 4.7999335 4.0645607 3.6544273 4.6157882 4.5932724 4.2724354 3.9478698 3.6585807 3.8836499 3.9113940 3.6341013 4.6281386 4.0004144 3.4494704 4.6471034 4.5397909 4.2303457 4.6056047 4.2952949 4.1582220 4.2136935 4.2023696 3.5524922 4.5032955 4.6094599 4.5979270 4.6475248 4.4156087 3.3974497 3.7396573 3.1541081 3.4307798 2.8941103 3.1630138 3.2011861 
cercopithecinebeta5_RL11H  2.9771831 3.0896218 3.4607779 3.1532086 3.6044519 3.3783356 4.0404662 4.2870114 4.1239083 4.2589873 4.2396039 0.0000000 0.7511792 0.7034202 0.9726061 1.6236507 1.5507745 1.4730906 1.4427262 1.4907888 1.5310812 1.9707445 3.2006760 2.9173242 3.0835401 2.8894158 3.3424629 3.1423826 3.1434371 2.9707936 3.1648976 3.7675300 3.1835780 3.5552463 3.5340636 3.4444776 3.3526801 2.8192812 2.9381132 3.3535382 2.8952632 3.0353139 2.8668329 2.8320471 3.5723868 2.4155861 5.2583365 5.8663202 3.3214012 3.5169949 3.5389088 3.9649074 2.8240972 2.6598287 3.0599795 2.5752134 2.8242563 2.8642651 3.2650911 3.4497456 2.8296971 2.7900979 3.1577536 3.4156624 3.3197925 3.2370145 3.2204813 2.9908090 3.5278353 2.7795753 2.7617444 2.8411371 3.0176410 2.9395916 3.2382633 3.0376788 3.5183509 3.2559625 2.7875217 2.9981686 3.0887691 3.1127117 3.1632483 2.9601469 3.3581092 3.9371209 2.8275329 3.3014972 3.5883264 3.4648059 3.9015031 3.6390997 3.0970102 3.0542934 3.0920465 3.0912302 3.3712507 2.6398641 4.0746125 4.3313204 3.5981059 3.3348218 3.9840804 3.2431108 3.6305219 3.4038188 4.3320077 4.1402579 3.4125259 4.8405041 3.9211755 3.7777090 3.6000565 3.9395737 3.6491148 3.6710489 3.1832915 3.4846205 3.1719864 3.8293340 3.1875268 4.0019957 3.7686918 4.0952831 3.8280383 2.7817641 3.3885178 3.3623650 3.2828091 4.6070599 4.2211881 3.7555942 4.2393943 3.9233838 4.0612244 3.8234217 3.9227254 3.9692418 4.2278325 4.2135317 3.1908570 
mandrillinebeta1_RL11H     3.1976944 3.4045506 3.9589355 4.0829131 4.4642361 4.3515258 4.5325869 4.4977830 4.6803270 4.3057788 4.5239787 0.7511792 0.0000000 0.3353913 1.0236927 1.4100755 1.4011140 1.3099447 1.3528623 1.3949227 1.3785132 1.9650754 3.6184431 3.0178114 2.9854374 3.3272758 3.6444589 3.5628985 3.4148166 3.3699946 3.1183722 3.6230812 3.4705645 3.8440921 3.6640995 3.5991353 3.3252853 2.9842225 2.9099890 3.4156421 3.0239126 3.1121218 3.0302262 2.8587153 2.8548754 2.2918486 3.9013844 5.0011689 3.7649280 3.4678664 3.5362422 4.0281368 3.1309776 3.1857286 3.1235533 2.5518144 2.9774319 2.9339417 3.2776490 3.3939338 2.7755064 2.9113963 3.0588823 3.4724357 3.3971628 3.4607825 3.4701608 3.3288369 3.3724481 2.6822355 2.8157482 3.1032954 3.0921704 2.9471813 2.8589679 2.7175506 3.2310416 3.3093424 2.8433118 3.1025096 3.0174512 3.2086344 3.2655129 2.8636938 3.6921154 3.7933776 3.1244319 3.3550295 3.8315419 3.8328161 3.7524880 3.1175459 3.3980170 3.3894657 3.1463796 3.2516760 3.2688525 2.9760126 4.0558938 4.2032664 3.2230839 3.3004092 3.6243086 3.1517160 3.2260551 3.0888714 4.5960133 4.3844575 3.5849570 5.4461051 4.1939035 4.2539195 3.9570221 3.7924362 3.7381963 3.7763934 3.4627488 3.6302595 3.8105665 3.7604728 3.5432267 4.1086277 3.9372879 4.6496227 3.9338783 2.8642208 3.7194595 3.3478357 3.5063012 4.2281142 5.1453980 4.1767367 4.4602077 4.6592322 4.5369405 4.4695641 3.9346040 4.6035442 4.2450892 4.3534138 3.8678781 
papiinebeta4_RL11H         3.2840482 3.3424586 3.7091113 3.8369464 4.2473052 4.0980175 4.1709184 4.0911700 4.3936146 4.3949481 4.5837849 0.7034202 0.3353913 0.0000000 0.9961762 1.5189131 1.4663068 1.3831886 1.4183865 1.4402866 1.4900907 1.8550465 3.4005655 2.9287458 2.7873442 3.5982475 3.7394587 3.7097388 3.5535188 3.4662232 3.2784155 3.8462465 3.5078632 3.8204381 3.7122289 3.6388410 3.3330117 2.7190445 2.9796926 3.4162717 3.1658398 3.0682262 3.0732919 2.9439990 2.9800137 2.3470800 4.1849793 6.3331226 3.7236907 3.4549013 3.5322112 3.9022551 2.9601309 3.2979232 3.1161948 2.5829558 3.0080287 2.9552210 3.1770420 3.4608400 2.8291157 3.0349599 3.0797299 3.5159018 3.4449105 3.4254534 3.3790513 3.5722491 3.4861587 2.7084277 3.0060511 3.1450892 3.0834265 2.8580770 2.7395014 2.6410305 3.3574455 3.2048034 2.5828939 2.6755564 2.5978766 2.8076911 3.0053809 2.5339982 3.6148237 3.7427657 2.9884388 3.2050126 3.5958243 3.6802793 3.7327598 3.2018234 3.2395744 3.0883958 2.9292426 3.2911332 3.2981305 2.9608601 4.2180452 4.3154543 3.2534591 3.3269777 3.8531625 3.4108500 3.6829883 3.3639774 4.6120127 4.6278719 3.6898644 5.3956828 4.2325616 4.3145094 4.3608843 3.8837413 3.8601602 3.8720277 3.8437818 3.8004757 3.8390553 4.1334491 3.4475310 4.4714170 4.0683552 4.4900026 3.6445929 2.8571402 3.8289186 3.7085359 3.5464174 4.2720854 5.0872321 4.1846496 3.9156607 4.5141365 4.4926055 4.4692116 3.8594562 4.3634239 4.1052119 3.9099117 3.7114453 
cercopithecinebeta5_RL11I  3.2177489 3.2751365 3.2079453 3.6614709 4.1745753 3.9699876 3.7288702 3.7359352 3.8679127 3.7997043 3.9616707 0.9726061 1.0236927 0.9961762 0.0000000 1.6496087 1.6439657 1.4811132 1.5112389 1.6513970 1.6884176 2.1513463 2.9500424 2.9419237 2.7898072 3.0865661 3.2655196 3.5762138 2.6508440 2.7302495 2.6183890 3.3801482 3.2254110 3.3483997 3.2678016 3.2086995 2.9404695 2.9099835 2.7147655 2.9227566 3.0182063 2.5533597 2.6126809 2.4739002 2.8613960 2.7226576 4.4132238 4.1395595 3.2204460 3.4897563 3.4712265 3.8925756 3.1320391 3.0917016 3.2034500 2.3548825 3.0867921 3.0019197 3.0111541 3.0004958 2.9047955 2.8919865 2.7778508 3.2575763 3.3961657 3.3611097 3.3707346 3.2439279 3.0279523 2.3354488 2.8522773 2.9066169 3.0145865 2.7413462 2.7124140 2.7512142 3.1220837 2.9529590 2.6703178 3.0807936 3.0602792 2.8395110 3.0559594 2.7979216 3.9087491 3.6713372 2.9079165 2.9744583 3.4422821 3.6826684 3.3487984 3.0676856 3.3203124 3.4134537 3.0435559 3.2719673 3.2692874 2.9808485 3.4372503 3.9585559 3.5512924 2.7233622 3.4163344 2.8781209 3.3206781 2.9340395 4.3207599 4.3436585 3.9280401 4.7379397 3.7645381 4.5005147 4.1874128 3.8406850 3.8028492 3.7678119 2.7119419 3.2722996 3.6581527 3.5848762 3.5328383 3.9029655 3.4504613 4.3693372 3.6549357 2.7138013 4.3144916 3.9613538 3.2204205 3.6241495 4.3571162 4.3191964 4.1077710 4.5791616 4.3200099 4.2117953 3.3422510 3.7735756 3.6180717 3.8073559 3.1869393 
macacinebetajap_RL11H      3.1688158 2.9774734 3.5037671 3.4924507 3.8229110 3.6673626 3.9179778 4.1650490 3.8507396 4.4081228 4.5622304 1.6236507 1.4100755 1.5189131 1.6496087 0.0000000 0.1585631 0.1918386 1.1472755 1.1689841 1.2119101 2.4785308 3.6440623 3.1231312 3.4750226 3.7831468 3.3351025 3.1363051 3.2873782 3.7189270 3.0485389 4.5572208 3.9665841 4.3449895 4.3523224 4.0954553 3.3653633 2.3873554 2.9375849 3.2149192 3.1205647 3.3552297 3.1599447 3.1627188 3.4958640 2.9610383 4.4116164 5.1108865 3.5495110 3.5778039 3.3093178 3.7836999 3.7095349 3.8030447 3.6118183 2.8603826 3.4748565 3.4506245 3.6220571 3.5433813 3.3421455 3.1893853 3.5197876 3.8235062 3.6941466 3.6457788 2.9891966 3.0654272 3.3876839 3.0561819 3.2776762 3.7984274 3.5094859 3.6895711 3.6481495 3.6053413 3.4307849 3.3808379 2.9126631 2.9845598 2.9869707 2.8197010 3.0220195 2.8928779 3.3728681 3.6290240 3.5150961 3.1231239 3.0276295 3.5263448 3.8786742 2.9914333 3.6850805 3.7584198 3.2376831 3.3088012 3.7533880 3.4954191 3.6479073 3.8998997 3.6194283 3.2636665 4.4706190 3.2471096 3.4781500 2.8134864 4.3378854 3.5488101 3.4316083 3.4232432 3.5181826 3.9353410 4.1626102 3.4700742 3.4584365 3.3848470 3.2456190 3.8541242 3.7372514 4.4183800 3.5367124 3.9708646 3.3577748 4.4673393 4.3785064 3.3030982 3.4155140 3.7295669 2.9776002 4.3103692 4.4937300 5.5084593 4.8700404 4.7886751 4.4500158 4.3905204 3.8332206 4.3018939 4.2267169 4.2082381 3.6218934 
macacinebeta3_RL11H        3.1571295 3.0295368 3.5484571 3.4173421 3.7108403 3.5700097 3.8686009 3.9120269 3.7277919 4.1486790 4.2846748 1.5507745 1.4011140 1.4663068 1.6439657 0.1585631 0.0000000 0.1451038 1.0629773 1.1106905 1.1715471 2.3326610 3.6088917 3.1718921 3.6186706 3.8522279 3.3254087 3.1272474 3.2981561 3.7722134 3.1292245 4.1697625 3.7060354 4.1169810 4.0559305 3.8649199 3.3442606 2.4324277 2.8960506 3.1135465 3.0262514 3.1146086 3.0640256 2.9478881 3.2597378 2.7515005 4.2507553 5.2108659 3.7083442 3.5828900 3.3438077 3.9433079 3.4492760 3.5953156 3.3507518 2.7519327 3.3483510 3.3268403 3.4441173 3.4007509 3.0728984 3.0411964 3.2650045 3.4715316 3.2352322 3.1651257 3.0281253 3.1222767 3.2054647 2.9392707 3.2742925 3.7654638 3.4813059 3.5284393 3.6729363 3.5303620 3.4161722 3.4356568 2.7442377 2.7796799 2.7630299 2.6663965 2.9032582 2.6977088 3.2989846 3.3286597 3.6723793 3.1756658 3.1089852 3.4405845 3.8968042 2.7574440 3.5689817 3.5413263 3.0816852 3.1540069 3.5907457 3.4577601 3.5183528 3.6485786 3.5261967 3.1661820 4.1051736 3.1422040 3.3966925 2.9316527 4.2864577 3.4601946 3.3394132 3.5802976 3.3544359 3.8774259 4.0488254 3.2984852 3.2767504 3.2056549 3.0245084 3.5515607 3.5882611 4.0661511 3.6533625 3.7784673 3.3154566 4.1858745 4.4111878 3.3656760 3.2974243 3.4145804 2.8362366 4.1112015 4.2040391 5.9399592 5.2444377 5.2090112 4.3779908 4.5533665 3.9131442 4.1505536 4.2507659 3.9805921 3.3213383 
macacinebeta8_RL11H        3.2262544 3.1131897 3.6884804 3.5276524 3.8535013 3.6373593 3.8409076 4.0491911 3.8758171 4.2691001 4.4343047 1.4730906 1.3099447 1.3831886 1.4811132 0.1918386 0.1451038 0.0000000 1.1113988 1.1822705 1.2230610 2.2520261 3.4002065 3.2680839 3.6782210 3.8114625 3.3533433 3.9047836 3.3907690 3.9253399 3.1293630 4.2398701 3.7192710 4.3614775 4.2979997 4.1213152 3.4069014 2.4153278 2.9802427 3.3836713 3.0697303 3.2643781 3.1303702 3.0840632 3.4973505 2.8976469 4.4469047 5.3987019 3.8804025 3.7150990 3.4588861 3.9722265 3.4533925 3.5433441 3.3308031 2.6909203 3.3029395 3.2719294 3.4484574 3.3068758 3.0392340 3.0649717 3.2950497 3.5847606 3.2840820 3.2135723 3.1377465 3.2178419 3.2473753 2.9527484 3.2215809 3.7300931 3.5313518 3.6840513 3.5936865 3.5087532 3.3676148 3.4853083 2.8139432 2.8447561 2.8404236 2.7873737 3.0555206 2.7278358 3.3894370 3.4892607 3.2656263 2.9766885 3.1906163 3.4160021 4.0518030 2.9651208 3.3379189 3.5172337 2.9796712 3.1355947 3.5482586 3.3716058 3.6526446 3.8749777 3.7198232 3.4695119 4.4177586 3.2827523 3.3811321 3.1335769 4.4482065 3.5319006 3.5189253 4.0330265 3.6794456 4.2384159 4.3399953 3.6337625 3.6408775 3.5587865 3.2365542 3.7186459 3.6088334 4.2274660 3.4644916 3.8641232 3.1669066 4.2084581 4.3851765 3.3748700 3.2904284 3.6329916 2.8559002 4.3358905 4.4228836 6.6432691 5.4632924 5.4166439 4.4477732 4.5882463 3.6421942 4.1010153 4.1682674 4.0331636 3.3317487 
macacinebetajap_RL11I      3.2702669 3.2516202 3.4047944 3.6956006 4.0850975 3.9515889 3.9712669 4.2386482 3.9651490 4.2758739 4.6499419 1.4427262 1.3528623 1.4183865 1.5112389 1.1472755 1.0629773 1.1113988 0.0000000 0.3787945 0.3903294 2.3445256 3.2168687 3.1437745 3.3266458 3.5275277 3.5627482 3.3445989 2.9363815 3.5972568 3.1518627 3.4171371 3.3191835 3.4422714 3.2528548 3.3352877 2.8866326 2.9218946 2.5787249 2.7867740 2.5787224 2.8350792 2.8740644 2.7169459 3.8485485 2.5968246 3.4274196 3.7321108 2.5806535 3.1865435 3.2828659 3.4129363 3.0399666 3.1127136 2.9873705 2.4634013 2.8845983 2.9237547 2.8686044 2.7101621 3.2314383 2.6586043 2.8216675 3.3534823 3.1699842 3.1805656 3.0411303 3.2086435 2.8119411 2.7165849 2.4361893 2.9841459 2.7288313 2.7122514 2.7472032 2.5987488 3.4579752 2.9903794 2.5764229 2.6964882 2.7168417 2.6453198 2.6009411 2.5608821 3.3284419 3.3104565 3.0267938 2.9582545 2.7357894 3.4519977 3.6757100 3.3422665 3.2754573 3.2206150 3.1194388 3.0398639 3.4235619 3.0324667 3.4054030 3.4362593 3.2075916 3.0823362 3.6727391 2.8514321 3.1076472 2.9771052 3.7303690 3.8274614 3.3289334 4.1624950 3.4664219 3.6997485 3.5967591 3.5359079 3.3312971 3.2916636 3.3397084 3.3498101 3.4213636 3.4207600 3.2607803 3.2964700 2.8729767 3.5059880 3.8719113 2.4493501 3.1014640 3.3435715 2.8474710 3.6788918 4.0026775 4.2888967 5.7177782 4.9348055 4.1900279 3.8655377 3.4788292 3.9884805 3.5152209 4.0006875 3.3939069 
macacinebeta3_RL11I        4.0509616 3.5111416 4.0862946 3.8848967 4.3290038 4.1699911 3.5494250 3.8739113 3.6186391 3.8209068 4.0355985 1.4907888 1.3949227 1.4402866 1.6513970 1.1689841 1.1106905 1.1822705 0.3787945 0.0000000 0.1202188 2.5840971 3.1278276 3.0666206 3.3551579 3.0556821 3.2700220 3.5031456 2.7778562 3.0741279 2.8539558 3.2895713 3.2466962 3.2784249 3.1837311 3.0276525 3.1793719 2.6781977 2.5778425 2.7929628 2.8223592 2.9932565 2.9613226 2.6937674 3.4564808 2.6051796 3.8259979 5.7645603 3.0169744 3.1685897 3.2461103 3.4234492 3.0959099 2.8016690 2.7785308 2.4463083 2.6069591 2.5758867 3.0734978 2.9119776 3.0917094 3.0088023 3.0300133 3.7388196 3.6504992 3.7101304 3.2381155 3.2994953 3.0967935 2.5862188 2.7432668 3.2116173 2.9844049 3.0430678 2.8919523 2.8158711 3.1872679 3.1064915 2.7997376 2.8495709 2.8873752 2.9405619 2.8521267 2.8925592 3.3121013 3.2831069 3.1592175 3.0281526 2.7301001 3.1870327 3.6811610 3.6008295 3.3441774 3.2289978 3.1118608 3.3852766 3.7576472 3.6329667 3.1457093 3.7042634 3.2065922 3.1075311 4.3554983 3.4408302 3.5677380 3.3388201 4.4199730 4.0040930 3.5937236 4.1035242 3.8860972 3.9936864 4.5199536 3.8988281 3.8129966 3.7662914 3.1052818 3.4186596 3.2046559 3.2129176 3.6225351 3.8925333 3.6384812 4.3555193 4.8182640 3.1549922 3.4628220 3.5324537 2.7749603 4.1367523 4.8389048 4.7092926 5.6059377 5.0313821 3.9776671 3.8419552 3.9330214 4.2060034 3.8556140 4.0676048 3.7529740 
macacinebeta8_RL11I        3.8085829 3.3326241 3.9081071 3.7059182 4.0932995 3.9625358 3.7607492 3.8275124 3.5890200 3.7983915 4.0997264 1.5310812 1.3785132 1.4900907 1.6884176 1.2119101 1.1715471 1.2230610 0.3903294 0.1202188 0.0000000 2.5116499 3.1429763 3.0998650 3.3815424 3.1204940 3.4122898 3.4748036 3.1332321 3.3763505 3.1484377 3.3017403 3.2759956 3.4636981 3.4289248 3.2601553 3.2634932 2.7427106 2.6236593 2.8744214 2.8172203 3.1028898 3.1011951 2.8166181 3.4548858 2.5925139 4.2566662 6.1354540 3.0920527 3.6054166 3.5887466 3.5609622 3.2450442 2.8282407 2.9077130 2.5486398 2.6140414 2.6726726 3.1931875 2.9746568 3.1187945 2.8514294 2.8891583 3.5558478 3.5195736 3.5639760 3.1752941 3.3264949 3.3576319 2.8528749 2.6628179 3.2496296 2.9843528 3.0516393 2.8735092 2.8128882 3.1528270 3.0696017 3.0423476 3.1473326 3.1072095 3.1643091 3.0417973 3.1912778 3.2745222 3.5148939 3.1980884 3.0959970 2.8697267 3.3279590 3.7457369 3.6813872 3.4736467 3.1628042 3.2405470 3.2735461 3.8181259 3.5753370 3.2129660 3.5589471 3.4810262 3.3534443 4.2725098 3.2916795 3.4706868 3.2964694 4.6084924 4.0477127 3.7361974 4.3978737 4.0581207 4.1970054 4.5544915 3.8274565 3.5544493 3.5107431 3.2277619 3.6647890 3.4185764 3.5511127 3.3930936 3.8937683 3.6773340 4.4311312 4.7610056 3.1266164 3.6056252 3.5925039 2.9590465 4.1775668 4.8320634 4.5285558 5.7428020 5.0841217 3.9796879 3.6730142 3.7916859 3.9722734 3.9503780 4.1788289 3.6368397 
humanbeta5_UL4             2.3304090 2.5477415 2.9744810 2.7790017 2.8575121 2.7291158 3.0922667 3.4777326 2.8799084 2.9194500 2.8304948 1.9707445 1.9650754 1.8550465 2.1513463 2.4785308 2.3326610 2.2520261 2.3445256 2.5840971 2.5116499 0.0000000 2.9186454 2.6766149 3.0305503 2.7389291 2.7121433 2.6663120 2.5516097 2.6497773 2.5255300 2.5421465 2.5316870 2.2075435 2.3084330 2.3236185 3.1215129 2.2560089 3.2155381 3.0793128 2.6664422 2.9345714 3.0300758 2.9820328 2.4932420 4.0449004 5.3624018 8.8583817 3.1422279 3.2497876 3.6351664 4.1605712 2.6444563 2.6764523 2.5079058 2.4654027 2.8474466 2.8008874 3.2965448 3.3297632 3.2901608 2.9937167 2.6742902 3.0525700 2.9646568 3.1417609 2.9363333 3.4373405 2.5975194 2.5911154 3.7414032 3.5341482 3.2375542 3.1123924 3.2549684 3.2069645 3.1680797 3.1958342 2.5541433 2.5136830 2.5364611 2.5678875 2.7840748 2.3588471 3.3299651 3.1434272 2.1500810 2.3605677 2.6293990 2.9579273 4.3995610 3.4624191 3.1663684 2.8948349 2.9248950 2.4211091 2.6752194 2.7654915 3.6758092 3.3210754 3.2283341 4.8155447 3.3294679 3.4748804 3.5402695 3.3015306 3.7670638 3.4270405 3.7054507 4.4231331 3.4747380 3.6010036 4.2039549 3.4339661 3.2024446 3.2320104 3.3810930 3.4978067 3.1678681 3.2379131 3.6512372 3.8294993 4.4603658 4.7218245 3.1688408 3.0891757 4.1534938 3.4857613 3.4003988 3.8314440 3.9605931 3.2949759 3.3890746 3.7361478 3.1078633 2.8644195 3.5743944 3.6218627 3.5974464 3.3062641 3.2962923 
cercopithecinebeta5_RL11K  2.9434765 3.1059751 3.1066750 3.1553263 3.3067724 3.3153277 3.0496414 3.0832391 3.1997389 3.1169436 2.9035491 3.2006760 3.6184431 3.4005655 2.9500424 3.6440623 3.6088917 3.4002065 3.2168687 3.1278276 3.1429763 2.9186454 0.0000000 1.1469142 1.0806002 1.2783075 1.4334442 2.5904942 1.5386215 1.6803283 1.6882756 2.0574579 1.9607558 2.0997021 2.0487585 2.1928203 2.1209009 1.9935461 2.2066258 2.5305460 2.1281672 2.4515286 2.4379235 2.3650160 2.1782280 2.3233219 2.7342351 3.9526990 2.4429854 3.1872829 3.0076318 3.1401030 2.2202974 2.1189860 2.0581906 2.0846783 2.1087139 2.1235751 2.4251532 2.3463092 2.3524549 2.6396318 2.6203739 2.9352730 2.8230066 2.8030799 2.3053020 2.4409998 2.4654592 2.4433657 3.2629360 2.9164153 2.9072430 2.9872997 2.8604234 2.8446963 2.8648680 3.1989308 2.6587343 2.8714093 2.8777530 3.1700654 2.9309310 2.9233859 3.4848668 2.7174957 2.7507079 2.9599744 2.0994560 2.9660340 3.8732989 3.0481242 3.0599092 2.9894806 2.8629002 2.8176239 2.8953342 2.7241201 3.1100412 3.2217220 3.1668154 2.9533526 3.8746430 3.6599417 4.1176025 3.1087992 4.5715272 4.0344409 3.7123720 3.8671740 3.5376701 3.1303207 3.6033885 3.4636058 3.6502840 3.5530177 3.8167071 3.5394466 3.1392796 3.9766577 3.1781335 3.8230965 3.4473779 3.3471421 3.1980512 2.9601191 3.1232617 3.5325875 3.0712821 3.0339398 4.0637901 4.8481769 4.8179259 4.9330640 3.8452705 4.0755149 2.6658869 3.1779168 2.3200773 2.4299458 2.9639896 
mandrillinebeta1_RL11K     3.1492851 3.1515069 3.2433045 2.8806079 3.1091731 3.0388728 3.2695609 3.2631878 3.4643670 3.3722143 3.2452953 2.9173242 3.0178114 2.9287458 2.9419237 3.1231312 3.1718921 3.2680839 3.1437745 3.0666206 3.0998650 2.6766149 1.1469142 0.0000000 0.5261822 1.4266678 1.5108641 2.3473634 1.4716007 1.6088629 1.5837432 2.1106216 1.9035697 2.1733543 2.0511865 2.1580836 2.4450032 2.0855718 2.0181645 2.2319523 1.9475442 2.4943841 2.5028610 2.3501006 2.3127938 2.1670470 2.7527879 3.8712313 2.4425736 3.1727751 3.0225501 3.1581504 2.4364436 2.6484980 2.6288209 2.3884469 2.6028554 2.5014069 2.6249693 2.6103444 2.9510739 2.9918010 3.2117150 3.2515156 3.0035988 3.0277693 2.7965824 2.9021876 2.6098316 2.6200322 3.1908390 3.1051457 3.2848757 2.7969920 2.8043995 2.7423468 2.7221167 2.7984007 2.5590149 2.5887258 2.6592588 3.0048224 3.0339060 2.6841724 2.9688435 2.6931250 2.8192980 3.0047165 2.7692854 2.8391949 3.4586408 3.1383099 3.2254603 2.3992942 2.8512912 2.8620976 2.9029668 2.8532810 2.8683568 3.4076445 3.4778026 3.3834096 4.0336660 3.6247839 3.9775725 3.4227874 4.3707576 3.5633580 3.6227678 3.9903826 3.4359346 3.6746217 3.7170734 3.5734253 3.4901978 3.4702087 3.7370517 3.5038017 2.9699013 3.3949804 2.9793792 3.0932633 3.7173071 3.0691778 3.0321259 3.3219451 3.0883487 3.2551627 2.7562585 3.4486926 3.8906197 4.5727361 3.7258554 4.0511427 3.6869264 3.7572694 3.0077051 3.0886652 2.7589914 2.5685919 3.0260173 
papiinebeta4_RL11K         3.1979786 3.0352170 3.3054491 3.0120509 3.1494776 3.1702063 2.9676488 2.9238117 3.0695575 2.8531533 2.7825765 3.0835401 2.9854374 2.7873442 2.7898072 3.4750226 3.6186706 3.6782210 3.3266458 3.3551579 3.3815424 3.0305503 1.0806002 0.5261822 0.0000000 1.3252729 1.4190620 2.0956586 1.6448586 1.7336247 1.7511156 2.1969629 2.0570686 2.1995126 2.1953742 2.2541769 2.2430052 2.1118976 1.9509959 2.2438770 1.9833695 2.1587613 2.2560478 2.1647844 2.0563862 1.8558470 2.5001454 3.4810116 2.5602980 2.9781254 2.9904294 3.2580979 2.2345002 2.3997026 2.2945131 2.2124362 2.2578509 2.2409388 2.7533952 2.7835359 2.4889994 2.9282379 2.9164441 3.1535709 2.7691767 2.7215133 2.6559651 2.7747057 2.5194939 2.7025257 2.9745329 3.0487096 3.1629384 2.6546281 2.5855873 2.5470094 2.8916246 2.5279623 2.6261880 2.5560995 2.6218538 2.7053071 2.9571144 2.9516742 3.4616041 2.7110607 2.5980548 2.7375394 2.9174245 2.9626389 3.8434182 3.4423126 3.0302721 2.8017016 3.0377170 3.0738662 2.9858036 2.8288136 3.1170133 3.1154546 3.0265822 2.8182508 4.0459476 3.4789400 3.6700360 3.5164548 4.8437365 4.0674384 3.4338134 4.0898782 3.6083466 3.3778646 3.9452071 3.9485744 3.8907014 3.7874762 3.9214853 4.1317711 3.3331975 3.4919271 3.0779551 3.5940165 4.2215488 3.3144461 3.2115617 3.5926388 3.4896677 3.6054434 2.8695412 3.5216654 4.1180861 4.5883725 4.2394956 4.3943070 3.3871568 3.5168839 2.9928106 3.1063483 2.9779498 2.9354074 3.1548770 
macacinebetajap_RL11L      3.1473504 3.3769318 3.4007172 3.6479310 3.7942513 3.8038271 3.5471967 3.6942323 3.6366412 3.3830811 3.2873634 2.8894158 3.3272758 3.5982475 3.0865661 3.7831468 3.8522279 3.8114625 3.5275277 3.0556821 3.1204940 2.7389291 1.2783075 1.4266678 1.3252729 0.0000000 0.6756363 1.7783307 1.3944688 1.4610492 1.4721260 2.1765303 2.1993165 2.3465151 2.2196295 2.3285429 2.1672092 2.3352589 2.1633742 2.5623393 2.1414818 2.2737091 2.3004194 2.1752774 2.5596696 2.3409666 3.1325842 3.6217415 2.3185506 3.6210943 2.9323428 3.3715454 2.4600468 2.3562034 2.5934115 2.1338321 2.0509923 1.9955051 2.6245828 2.5656621 2.2650588 2.5985884 2.7895091 2.9387828 2.9408444 2.9126013 2.4261332 2.5804270 2.5660383 2.1115422 3.0845534 2.8210909 2.6904300 2.7588982 2.6277610 2.5758985 3.0145900 3.2348489 3.1932675 3.0916979 3.1863362 3.7141835 3.6713961 3.4606446 3.5896547 2.9534776 2.9469163 3.1037741 2.9988718 3.1913948 3.5147719 2.9424988 3.0179619 2.7702715 2.7586599 2.9990921 2.9701950 3.1176148 3.3443240 3.5017078 3.3267579 3.0386595 4.4515039 3.9214316 4.4246323 3.4042962 3.7815295 3.0644458 3.2834129 3.4548144 3.2843195 3.2228781 3.5990212 3.3702075 3.6572920 3.5488106 3.4027782 3.5354461 2.5518709 3.2561494 3.8666128 4.2242168 4.1758310 4.1657070 3.9802838 3.8138064 3.4938320 3.6839773 3.3244678 3.7310944 3.6282368 5.2879158 4.8881037 4.4702053 3.7772570 3.7411629 2.7931457 3.0498208 2.5238682 2.9917479 2.7838703 
macacinebeta3_RL11L        3.7063349 3.8725466 4.2164757 4.2193213 4.2247113 4.3862721 3.6193896 3.9427169 3.9293335 3.7058762 3.6875857 3.3424629 3.6444589 3.7394587 3.2655196 3.3351025 3.3254087 3.3533433 3.5627482 3.2700220 3.4122898 2.7121433 1.4334442 1.5108641 1.4190620 0.6756363 0.0000000 2.0674460 1.3655393 1.4333171 1.3717030 2.5410701 2.4601614 2.3454604 2.1109076 2.2533991 2.4862741 2.6247956 2.2076311 2.5782024 2.2842312 2.4276543 2.4276577 2.4043105 2.6604534 2.3219646 3.2026867 3.7367642 2.7176295 3.2641454 2.6490467 3.0873077 2.5372988 2.5040987 2.6315449 2.3252156 2.5850979 2.5252147 2.7093569 2.5713602 2.5685498 2.8915175 2.8379635 3.1490858 3.2027998 3.1237970 2.9877366 2.4055801 2.4334219 2.1194283 3.0596906 2.9325436 3.0702160 2.9533091 2.8293758 2.7105759 2.9344008 3.0624874 2.8519255 2.7773907 2.8296442 3.0263693 3.1438023 3.0714591 3.5349722 2.8041405 3.1239956 3.2258595 3.1835280 3.4049595 3.6430605 3.6071686 3.4561149 2.9563997 2.9722675 3.1400509 3.1577652 3.7851322 3.6359262 3.1584871 3.2410026 3.1469142 3.7592803 3.5423386 3.5129874 3.1552697 3.1787580 2.6675477 2.9012249 3.3329876 3.3256422 3.7188871 3.6343177 3.2124164 3.1865223 3.0274005 3.4039980 2.8444283 2.6057627 3.0161563 3.4658608 3.9720478 3.6716537 4.0205729 3.5132741 3.4604928 2.9214346 3.5046197 3.3100721 3.4044735 4.0793180 5.9904397 4.9104318 5.2468743 3.6972148 3.6063107 3.0358183 3.2399353 2.9193329 2.9698377 3.2838348 
