129
papiinebeta4_RL11B1        0.0000000 2.7686278 3.6990319 2.7850787 4.1006687 3.3676392 3.5039375 3.1754799 3.3858337 2.7450700 3.4914277 3.0188096 2.4853129 3.2074833 2.9034001 3.2936500 4.1965810 3.4916053 2.6943641 4.6918833 3.1234887 4.1884840 3.4026402 4.1612990 4.4189125 3.3470350 4.2142019 3.3905669 2.8515576 3.2464074 2.6716534 3.4469239 3.9246420 3.6248136 4.4488181 3.3930545 4.9076490 4.4770750 3.1498612 3.2508683 4.2505733 2.9737668 2.1742666 2.9541846 2.5150253 4.1642930 3.3112792 2.9801420 4.2168779 2.7888621 3.5748859 4.3738964 3.1025580 3.7559225 2.6019180 3.1378913 3.7301393 3.4326421 4.4569396 2.8139208 3.9563317 4.0503392 2.7775057 2.6539184 5.5624291 3.1026711 2.9710023 3.3931345 4.7679563 3.6261548 4.8588887 3.4894127 2.9888703 3.1810191 2.8461463 3.3714824 3.4688305 2.8364500 3.8357296 3.5498780 4.2033349 2.9847391 3.4732664 3.2503019 3.8602293 3.4792984 3.5799996 3.1902382 3.6633034 3.4244693 3.5451405 3.5003625 3.7125588 2.6637671 4.2049964 3.2358657 2.8373957 3.3892532 3.0653941 4.6799230 2.2068471 2.0317194 3.0823519 3.5941449 3.7187643 3.6982755 3.4673007 3.7367758 2.8742789 3.7829965 3.8190396 4.1900613 4.0181586 3.3141396 3.2977128 2.6848494 2.6624957 3.3411091 4.5076978 3.5071699 3.9679075 3.2372187 3.8696413 3.8295365 2.9653816 3.9392182 3.5605676 1.3574736 2.6618441 
cercopithecinebeta5_RL11G  2.7686278 0.0000000 3.7133999 4.8823763 3.7125954 2.7673616 3.6764040 4.8936348 0.7180380 2.7729744 1.0588262 3.5275841 2.6499944 3.6378165 2.5834837 2.4888004 3.2918890 2.7781027 3.9062617 4.4897133 2.4661197 3.6293136 3.0460761 3.9877399 3.5320018 3.3849469 3.6278024 2.1636945 3.9085487 3.3599676 4.6967381 3.7049741 2.9807556 3.6093974 3.5933459 4.3860681 3.9636419 3.3415351 3.8424422 3.4735350 3.8555974 2.9369570 3.6697817 3.9914088 4.0768804 3.3207862 3.2425048 3.4719915 3.6206105 3.8776762 3.4332734 3.6568473 2.8189186 4.1221682 5.1718232 3.0679869 3.5385314 2.8873963 4.0169047 2.4526122 2.8968983 3.5352482 3.9440233 2.6827308 3.2638068 2.9691264 2.9823369 2.8822850 3.8061287 2.9951979 4.5471515 4.5048524 2.4896459 3.2507085 4.0722354 3.3231299 3.0441392 2.5833761 4.3416972 3.8723772 4.2301214 4.5124401 4.4848749 2.3120976 4.6417668 3.0188587 3.2032653 3.3625715 0.6867020 2.8654447 3.3687105 2.5843348 2.9826830 3.6981148 4.6020905 2.3575970 3.7487141 2.6748292 3.3748255 3.7946088 4.4618122 3.5041327 3.2384123 3.7403009 4.9291033 3.0447143 2.8922083 3.6019795 2.7877975 4.6094359 3.3493522 5.2623169 4.4657909 4.4696800 4.7643497 3.1215271 2.9094751 2.8323564 3.1500041 3.9302449 3.3968351 2.9554044 3.3163430 3.2077109 2.9053768 2.9616663 0.9521347 4.3497900 4.2048974 
macacinebeta3_RL11Q        3.6990319 3.7133999 0.0000000 4.9218450 3.7013259 3.2960432 3.4070075 4.5049415 3.6662279 2.5091114 3.9839587 3.1376942 2.5078496 0.9226258 3.6955600 3.4167975 3.3610006 3.3215170 3.7610132 3.9749038 4.0317499 4.0781588 2.9637695 2.1762405 3.4803596 2.5378012 3.7382161 4.0384735 4.4553921 3.8148444 4.8541133 3.9066536 3.5459493 0.1814592 3.6863018 3.5180833 3.8817312 3.9423472 3.9396911 3.8309000 4.9683208 3.5359660 3.8286715 4.1347031 5.4852511 3.0053148 2.3549666 3.1265392 4.8510853 4.5356831 3.5863757 3.0051103 2.1497479 5.5404827 5.1605913 2.9368581 4.9658323 2.7499232 1.8453400 3.7279252 3.4088071 1.7311524 4.4252023 3.1858573 4.1494506 3.0117372 3.0859097 3.2773605 3.9758967 3.7811498 4.1376724 3.5994266 2.7067916 2.6618178 4.3972948 4.4891302 4.5475735 3.6294073 4.6807127 3.2276955 4.0688241 4.5484340 3.6210477 3.1271455 3.6385687 3.6772440 2.9714649 3.2849975 3.6950934 3.6006595 4.0796937 3.4583635 2.5876248 4.3566458 3.5399497 3.6574473 5.2513409 3.5398434 3.4965594 3.4395144 5.2708393 3.4984965 4.4967320 3.7852186 3.4261209 3.3858932 3.0887497 3.9622458 3.7526832 5.0183356 3.3435879 4.0872699 3.5589342 4.3308334 5.2442973 3.5532567 2.6217631 3.4466517 3.6327891 3.5654212 3.0122388 3.2882066 3.1992828 3.7895013 2.6387476 3.7342217 4.8911399 4.2838215 4.2436969 
mandrillinebeta1_RL11B4    2.7850787 4.8823763 4.9218450 0.0000000 3.4882999 3.6063969 4.1771186 2.3270155 5.1534065 4.1364195 4.3675123 3.5316450 3.6828821 4.8686839 3.8980189 4.4777724 4.1235947 3.6529257 2.2305697 4.0745630 3.2727761 3.8838585 4.2218094 4.7312085 3.9140212 4.1877220 4.4699363 3.4569093 1.7690938 3.6236295 2.6561109 3.9178949 5.4044684 5.0154733 5.4346291 3.1727037 3.9273593 3.5579714 4.3899876 4.8037811 4.0974714 3.1424094 2.2116167 1.4988499 2.4867475 4.1693487 5.2061032 4.0945347 6.4597073 2.4831204 4.2722107 4.0334367 3.7845048 3.0364513 3.0448585 3.8347327 3.4849612 3.9474939 4.2782043 3.8839963 4.8141638 4.4349795 2.5671170 3.3702594 4.0435985 3.9364064 3.8572035 6.4437396 5.2294876 3.4000635 4.2135465 2.6649094 3.5357204 4.6468694 3.5910717 5.1800956 5.0445031 3.6513547 3.5555098 4.2303298 3.6630400 3.1224064 3.2283602 4.2034337 2.6259038 4.7048159 4.7737974 2.5403192 5.1854984 3.3432290 4.4262909 4.3810668 4.4550971 2.6764019 4.0042628 3.9361897 2.1334188 3.4641430 3.5839389 4.2779602 2.1973538 1.8665901 3.9491554 4.2994023 4.5886543 3.9590979 3.4942399 4.7737812 4.4405842 4.1990809 4.5847676 4.4380491 4.2219131 3.9379042 2.4807174 2.1512291 3.9914771 4.1887928 5.5743884 3.6967579 4.7050133 4.2850444 4.8597606 4.4010871 4.6203527 3.2233207 4.3545648 2.3222409 2.6320903 
macacinebetajap_RL11R      4.1006687 3.7125954 3.7013259 3.4882999 0.0000000 2.5411115 2.5654202 3.9035612 3.6283248 2.4293646 3.7557814 3.3657142 2.1626884 4.2020870 3.5033297 2.4093942 3.6271528 3.0873057 3.6938871 0.6680072 4.0096745 3.6849635 2.7532627 3.8205201 3.2761546 2.6094945 3.8191068 3.6558482 3.7324741 2.8968311 4.0054480 3.1298279 3.5638131 3.9790170 4.7491168 3.9673137 3.4935634 4.8174198 1.6768249 3.2142083 5.6686577 2.9042619 3.7129561 4.5222904 3.6235050 2.8025336 3.7884117 3.4303836 3.7803873 3.6519083 2.9786880 3.3802071 2.0562846 4.0965827 3.4289566 2.4114272 5.1505167 2.6590680 3.0481868 3.6618372 3.5075568 3.3671340 3.1391584 4.0653763 3.9240791 3.1393685 3.2386886 4.3102521 4.0021719 1.7196389 3.1596826 4.1436197 2.6920801 4.2235309 3.5784613 1.9968211 3.6425973 3.7619658 6.0109944 3.2080485 2.9372623 3.7640271 3.4376192 2.9629256 4.6553945 3.4898244 3.0504164 3.1678172 3.5146862 3.6192039 3.8562132 3.4435230 3.3533481 3.6277749 3.1418503 3.7499933 3.3297959 3.6269848 3.2856901 3.3947690 3.9240176 4.2593025 3.0100268 0.4754737 4.0367829 4.9577711 2.9672952 3.2873640 4.9673132 5.9152177 3.0008449 3.3388223 3.4493276 4.1623762 5.2414854 3.5005923 2.1957786 2.9539625 3.6311964 3.2731696 2.8981612 2.3375329 3.1415726 4.8712398 3.3604255 3.8348998 3.6674765 3.3090675 3.5634310 
macacinebeta3_RL11J        3.3676392 2.7673616 3.2960432 3.6063969 2.5411115 0.0000000 2.4960479 3.0713512 2.8281885 2.5226392 3.1976804 3.2580814 2.1101434 3.0726203 2.9675095 2.6195737 3.6240124 0.3143351 2.9918731 3.1205500 3.1343443 2.6653616 1.5780835 3.3644672 3.0931361 2.4544796 2.5635711 3.1819376 3.4523752 2.9406216 3.8148729 3.0182123 1.8829046 3.3046587 3.6106735 3.6891122 3.6125504 2.9406240 2.9282917 2.4392398 4.0347915 3.4915015 3.7734068 3.3994745 3.5230528 3.0444267 3.0679602 3.3759753 2.9481631 3.7360700 3.0338841 3.0022266 2.1801051 5.3908815 3.6889776 2.1291069 4.3056827 2.7997835 3.7104151 3.0380993 2.8046029 4.2239545 3.6918328 2.9091580 2.4664508 0.8713743 2.1303872 3.0558114 2.6385510 2.5497914 3.7320291 3.6967794 0.8376300 2.8911062 3.1170685 2.8183878 3.0105797 3.4372881 3.0226340 2.8125015 2.7902218 3.2973104 3.0071463 2.6491170 3.8518462 2.9336721 2.6389967 3.5335500 2.7784620 2.8271817 2.8655407 3.0596853 2.6535769 3.1964821 3.7023882 3.0071307 2.8654014 2.7418305 2.6144996 2.5624400 3.2547370 3.5223541 2.7498542 2.5292466 3.8145060 3.8232816 0.5419596 2.4908821 3.4795774 5.8838355 3.7030437 3.0256722 3.1754186 4.2067287 3.5599760 2.5538098 2.4179177 0.8648141 2.5984749 2.7299196 2.6985928 2.7976149 3.2607949 3.2031448 3.1302782 3.1361177 3.2636433 3.3965631 3.9916569 
paninebeta2_UL11           3.5039375 3.6764040 3.4070075 4.1771186 2.5654202 2.4960479 0.0000000 3.6295359 3.8656718 2.8018942 5.1109199 3.2697324 2.4092417 3.8993270 3.0418113 2.9856398 3.4900199 2.8362537 3.7433229 3.4108734 4.9861117 3.8656730 2.9428664 4.1076211 2.8877125 3.0267512 2.9298989 4.4133535 3.8913298 2.9003792 5.5045452 3.2225748 3.3286538 3.4377589 4.8396997 3.9080213 3.5772262 3.8108655 3.0970211 2.3171521 6.6303247 2.2062187 4.1969755 4.3724205 3.8822067 2.9815518 2.6920529 2.3843411 3.7185765 4.1751437 2.7797375 3.0177421 2.8304218 4.2544264 4.6215896 3.4163784 6.0194017 3.1676405 3.4012694 2.7883951 3.8914080 3.6607534 4.3103214 3.1089225 3.7296813 2.9233961 1.5913111 4.0609796 2.9787332 4.0282344 3.3564685 3.2548585 3.0848608 2.8444573 3.9204160 4.2070644 2.7106036 3.5602426 4.4122638 3.0237989 3.3591113 5.2883032 3.2884371 3.8632997 3.9874511 3.4040786 2.7373690 3.2107997 4.1292316 5.0505353 2.9279882 4.0998455 3.4073919 4.1522179 3.4426410 2.9624698 3.9001016 3.4590771 3.1057722 2.6140999 3.7143625 4.4264551 3.2815214 3.0729117 4.1335154 3.9216183 3.2144014 2.6443372 3.2962493 7.6054549 3.2560974 3.8637707 3.3920404 4.6712886 3.6499530 5.1628438 2.8528753 3.0786836 2.6540657 3.4664584 2.7295397 2.4416151 3.0987970 5.7716735 2.2882530 3.5768819 5.6659215 3.7351320 3.9367864 
macacinebetajap_RL11C      3.1754799 4.8936348 4.5049415 2.3270155 3.9035612 3.0713512 3.6295359 0.0000000 4.1590329 3.4642044 5.0433268 4.3495502 3.2319050 3.7683239 3.1039460 3.3423751 3.5195728 3.4074571 2.7109096 3.6596416 4.2694426 3.7445897 4.0129734 3.9397729 3.6661980 3.5660864 3.9263395 4.4111711 2.0756707 4.2014967 2.5198616 3.6258137 6.5756453 4.7934521 5.1754080 3.7049703 4.7298136 4.6618440 4.6987182 4.8367664 4.5342573 3.1853186 2.1172891 3.2020534 2.9382504 4.1530391 3.9154004 3.6612277 4.8559037 2.4331823 3.6569003 4.5391581 3.0536907 3.9892681 3.3011934 3.2331313 3.8950617 3.7420602 4.4849323 3.0359144 4.4743021 5.4715251 2.3419804 3.5087306 6.4758684 3.8145593 3.2380929 3.8293442 5.4448118 3.1129998 4.2911739 0.6690938 3.1172423 4.1079219 4.1475492 4.2513727 4.4428354 3.5650076 4.3003252 3.9778146 3.7901804 3.1098024 3.1557745 3.4664558 3.2679154 4.8745863 4.2821253 2.7755848 3.7779266 4.6351468 3.8669287 4.3386575 4.0914258 3.1486043 4.0797001 3.6763019 2.8765530 3.6335890 3.6064306 3.2185951 2.7294085 1.9574647 3.2701862 3.6591492 4.0124060 4.6505349 3.4418829 4.9069989 3.2690688 4.9564868 5.7043555 4.0733696 3.8100922 3.6999869 0.4938700 2.4898048 3.4199810 3.2231132 4.3581229 2.9216216 3.6949211 3.9304359 4.1049698 5.5729044 3.4707481 4.5100155 4.9665439 2.9378223 2.5710046 
macacinebeta3_RL11G        3.3858337 0.7180380 3.6662279 5.1534065 3.6283248 2.8281885 3.8656718 4.1590329 0.0000000 2.3100837 1.1986486 3.7534347 2.2271789 3.4138192 2.7593589 2.5293830 3.4085376 2.7504890 3.5006145 4.6361611 2.6444149 3.3880737 3.0223232 3.5494410 3.0006076 2.7118602 3.4609611 2.4585181 3.3857031 3.1221773 4.6587820 3.4244846 3.1153496 3.3832495 3.2610032 3.6606634 4.7512083 3.6592057 3.4402995 3.4399487 3.8759317 2.6400660 3.8602568 4.3089693 3.9019169 3.2058741 3.2810653 3.1307127 3.6349755 3.9883692 3.3567407 3.4846406 2.6258068 3.9575969 5.5915628 2.6296040 3.9093007 3.2342844 4.1460071 2.7951095 2.7071054 3.4717613 3.5758724 3.2637703 3.1427214 2.8331901 3.1910750 3.1013385 3.7125492 2.7562885 4.0865497 4.6527257 2.2987061 4.0028500 3.9523894 3.5490358 3.5161749 3.1014795 4.0278259 3.9025491 4.1864667 4.4020299 4.2028169 2.1494581 4.5865244 3.2241775 3.0985959 3.8369208 0.3085514 3.0149239 3.3384538 2.8980015 2.7046800 3.9470921 4.0750528 2.2871797 4.9197992 2.8284579 3.4234203 3.3577905 3.9392131 3.3988776 2.8221056 3.7621088 4.8794130 3.4090465 2.8157888 3.1657571 3.1635057 3.9088899 3.3637411 4.4464494 4.0009676 3.9222211 4.5065480 3.9299502 2.7011728 2.7126894 3.6661901 3.5724698 3.4307761 2.2990013 2.7921533 2.7891787 3.2552264 3.0152036 1.0852903 3.4486582 3.9684847 
papiinebeta4_RL11S         2.7450700 2.7729744 2.5091114 4.1364195 2.4293646 2.5226392 2.8018942 3.4642044 2.3100837 0.0000000 2.7651125 3.0130026 0.5543681 2.2908288 2.0508077 2.1763198 2.7122467 2.6192696 2.8110701 2.3091562 2.4790693 3.1476063 2.9595221 2.6589213 2.7475229 1.0629285 2.7809450 2.4634563 3.2555576 2.2609693 3.3008845 2.2523840 3.0916054 2.4796884 4.1777307 2.6875166 3.0169547 3.2162232 2.4406694 2.5368073 3.5658386 2.6981891 2.7534889 3.5664089 3.4166343 2.5208362 2.7337103 2.4374651 2.7986294 3.0121039 2.5205845 2.9204381 0.5679687 3.1724853 2.6239169 1.0320770 4.3217359 2.0316798 2.7264926 2.1348750 2.8813572 2.3118641 2.8978822 2.4626185 3.1156644 2.6627830 2.3312326 2.9940086 2.5060885 2.4388004 3.0509862 3.4504535 2.5791651 2.9008494 2.5356256 2.3987391 2.7940595 2.9296733 3.3513399 2.2852220 2.8573255 3.2955159 2.8107417 2.6521765 2.8303833 2.8286146 2.2141280 2.9205317 2.3235162 2.8945555 3.2723476 2.5553274 2.5021340 3.1490570 3.0279451 2.1008516 3.1441505 3.2127576 2.2058867 2.5156193 2.4033412 2.6161052 2.3985526 2.4125175 2.5269911 4.2733168 2.9309797 2.2209761 2.6285744 3.9584524 2.2875036 2.7117273 2.7193630 3.2202102 3.7100449 2.6242795 0.5492042 2.4377834 2.5388054 2.4379088 2.5879066 2.1797791 2.3878194 4.0659481 2.5432270 3.0732845 2.8040524 2.5884290 2.7182545 
papiinebeta4_RL11G         3.4914277 1.0588262 3.9839587 4.3675123 3.7557814 3.1976804 5.1109199 5.0433268 1.1986486 2.7651125 0.0000000 3.7300538 2.8439424 4.1266292 2.5154618 3.6177113 3.3092052 3.2381711 3.6739259 4.4372486 2.7730094 3.7522269 3.6503605 4.3465853 3.9093352 3.0450010 3.4522071 2.6470147 3.7794239 3.9907679 4.8936868 4.1168932 3.7757097 3.7591843 4.2407131 4.1873890 4.6963467 3.5572630 4.7985389 3.5636215 3.9168444 3.2069489 3.2083280 3.6663128 4.5444223 3.7685007 4.1293224 4.0151590 3.9453264 4.1976920 3.8269595 4.2042549 2.5894220 4.4646150 5.2120090 3.0452104 3.8593393 3.6690177 4.4252560 2.8171282 2.8858091 3.6868988 4.0079149 3.2785358 3.5991043 3.4304347 3.5740476 3.0087914 3.8918103 4.2585250 4.4623537 5.1474493 2.9402331 4.6654577 3.9643017 3.6177099 3.5928976 3.0401270 4.6363718 3.7606051 4.6185696 4.7518122 4.2466653 2.4274324 4.8639277 3.4158523 3.6423053 3.4580230 1.0466657 2.7846413 4.8644950 2.7053798 2.9792924 3.6692167 5.7633391 2.5468041 5.0614401 2.8742835 3.5659410 3.4528673 3.6200337 3.5678904 3.2792287 4.3542690 4.1409674 3.9859229 3.2619400 3.6830912 3.4046632 6.6259851 3.7736072 5.2481401 4.6795179 4.8214674 4.8445653 3.2405811 3.0629671 3.7309905 3.9937439 3.2955267 3.3660342 3.6372793 3.8172334 3.1654621 3.7748589 3.7156733 0.6617032 3.3635978 3.7464639 
humanbeta5_RL6             3.0188096 3.5275841 3.1376942 3.5316450 3.3657142 3.2580814 3.2697324 4.3495502 3.7534347 3.0130026 3.7300538 0.0000000 3.0970664 2.8615372 2.5712622 3.9192799 3.9310779 3.0742805 4.1096579 3.1473839 2.4687482 2.8874976 2.9383397 3.0795179 2.5901209 2.8145044 4.2406139 2.4919695 3.7413901 3.6836921 3.4176135 2.7873849 3.4172991 2.5460859 3.3421626 4.0466713 2.9689865 3.1670411 3.7615922 2.2431783 4.1050300 3.1916604 4.0326032 2.6665254 3.7253724 3.4827396 3.4087080 4.1484327 3.7386283 2.9452502 3.1441653 3.2798242 3.2346705 3.9258410 3.5867920 3.1717686 3.9718911 2.9255123 3.0441833 2.4974202 2.3542225 2.9563155 4.3892254 2.7185011 3.9932992 3.2853318 3.8833189 3.3129356 3.4980836 3.0788369 2.8850459 5.0145938 2.9735621 3.6992249 3.6727943 3.0115581 5.4056453 2.0431216 3.4349040 3.2483312 3.6023716 4.0992306 4.3167219 3.3223768 3.5352561 3.5321750 3.3521828 3.1146533 3.6797642 2.4471061 3.7941548 2.8163775 3.7468235 3.9690207 2.9804776 2.6878409 4.0584423 3.1858784 3.7810168 2.5879506 2.9505594 3.7254857 2.4682335 3.3457202 3.3526658 3.2710639 3.1840805 2.9675729 3.0109866 4.0196094 3.5629840 3.0489827 3.5507127 5.1677658 4.4130684 3.8023277 3.1189784 3.1671800 2.5973593 2.9978147 3.2918126 3.6213794 3.5509174 3.6864421 3.3126183 3.1491520 4.3258184 2.7174340 4.2896599 
macacinebeta3_RL11S        2.4853129 2.6499944 2.5078496 3.6828821 2.1626884 2.1101434 2.4092417 3.2319050 2.2271789 0.5543681 2.8439424 3.0970664 0.0000000 2.3561298 2.3020507 2.2766712 2.4884719 2.2673980 2.8939071 2.2060704 2.7494841 2.5091496 2.3988489 2.7114835 2.5312605 0.9070136 3.2149421 2.5737117 3.1321327 2.1709937 3.1907391 1.9362961 2.5717584 2.5165612 3.5605469 2.5791569 2.6516904 2.7995324 2.4723047 2.2928201 3.8454657 3.1860286 2.5484100 3.3701025 3.1371123 2.1510523 2.3593201 2.4372254 2.4636844 3.0645383 2.4723938 2.4644804 0.3841125 3.2509931 2.7667761 1.0744501 5.3366747 2.1190143 2.3609880 2.3075224 2.5114294 2.2908317 2.4664425 2.7602001 3.0104536 2.4005923 2.0079139 2.5534818 2.5546705 2.1298907 3.1228922 3.9897201 2.0622928 2.4633844 2.5719698 2.1587076 2.6360728 2.8541195 2.9415027 2.2664866 2.4762594 3.3103394 2.9479222 2.6020049 3.2756037 2.9565868 1.9264754 2.9429206 2.4437447 2.8821554 2.4212713 2.8604943 2.3536293 3.1585905 2.7324238 2.3546468 3.4454309 2.9848876 2.3453731 2.2208029 2.6810785 2.5172958 2.3851950 2.2175811 2.5908948 3.2001088 2.7209932 2.2633996 3.2742508 4.5501997 2.0401618 2.2853244 2.4455735 3.0674780 3.4218799 2.8738729 0.3422360 2.1668320 2.7124013 2.4693255 2.1418011 1.9175469 2.3899548 3.9531242 2.1868747 2.7761804 2.6641710 2.5762897 2.4778406 
macacinebetajap_RL11Q      3.2074833 3.6378165 0.9226258 4.8686839 4.2020870 3.0726203 3.8993270 3.7683239 3.4138192 2.2908288 4.1266292 2.8615372 2.3561298 0.0000000 3.1632739 3.4138959 2.4551783 3.4394598 3.3899055 3.8270607 3.5631122 3.8952206 3.2472979 1.8074286 4.0823046 2.7254467 3.6421168 3.7483918 4.8990698 3.2916233 4.5504743 3.9951575 4.4941628 0.7807148 3.1015462 4.0931637 4.2211111 3.5368727 3.6789241 3.5031767 3.9379775 3.5720685 4.0949877 4.5439534 5.2411892 3.2453680 2.3289942 2.9555250 4.7447870 4.6242335 3.5085955 3.2208208 2.2673041 5.2384686 3.7330748 2.3240426 5.2904500 3.0166280 2.0753301 3.4351680 2.9486361 1.9011886 3.5695519 3.3166699 3.9692422 3.0872874 3.4917445 4.0288125 3.7067356 3.8586651 4.1361545 4.4146572 2.6615560 2.6706637 4.3611001 4.0124789 4.3770165 2.8371412 4.9622528 2.9658977 3.8868173 3.4419313 3.7690446 3.1096148 4.1805315 3.2066024 3.0873256 3.9262917 3.9660252 3.8623849 3.8402835 3.4920051 2.3434691 3.2618093 3.7601244 2.8940495 4.6462459 3.8318335 3.3059549 3.4234564 4.1316231 3.4782309 3.6862639 3.8991863 3.5834783 3.3286499 3.2304266 3.8756286 3.3022209 4.5772795 3.0177379 3.8334578 3.6783453 3.5328468 4.3028978 3.4929997 2.6507890 3.0882171 3.6062676 3.7151522 2.9031713 3.4370864 3.3677708 3.8534205 2.7833710 3.0476607 4.8347311 4.1885466 4.2058930 
macacinebeta8_RL11T        2.9034001 2.5834837 3.6955600 3.8980189 3.5033297 2.9675095 3.0418113 3.1039460 2.7593589 2.0508077 2.5154618 2.5712622 2.3020507 3.1632739 0.0000000 2.3844448 3.4681385 3.1019946 3.5551877 3.1234647 2.4633614 3.3186105 2.7420605 3.2459932 3.1249905 2.5692515 2.6754799 2.6871978 3.4518353 2.5888631 3.8251192 4.0290449 2.9819564 3.6572075 2.6939686 3.2824324 3.8249919 3.0299991 2.9817833 2.8795779 4.2282137 2.2098051 3.6367318 3.1599444 3.9636904 3.5424849 3.3045008 2.5449755 3.3805323 3.5869622 2.8915510 3.3239069 2.1044783 4.1774253 3.1711359 3.1417044 3.0237746 3.5261529 3.1687159 0.1755234 3.0997637 3.2960815 3.6108138 1.1023725 3.4558647 2.9762577 2.2963290 2.8779544 3.5368185 3.1361204 3.6330236 3.3083867 2.5644584 4.2661483 2.9687532 2.9533000 3.1189817 0.9911254 3.3198675 3.4078242 3.1342675 2.9296236 3.5530962 2.1933143 3.4969822 3.1232481 3.8142136 3.2684766 2.5280671 2.5706269 3.5221968 2.6387100 3.3139433 2.5674870 3.5751848 0.7416421 3.3423743 2.7356419 2.6315752 3.0800876 3.1446871 3.4069088 2.4563731 3.6678698 3.4746671 2.7340863 3.3036827 3.2919886 0.7033307 5.1079096 3.1339043 3.9263162 3.7707278 3.4542274 3.8320042 3.1642185 2.4557435 2.9008915 3.1683710 2.8079374 3.9176352 2.4297334 3.1877232 3.1486678 2.6986944 2.5776192 2.7796055 2.5496297 3.5678199 
macacinebeta8_RL11M        3.2936500 2.4888004 3.4167975 4.4777724 2.4093942 2.6195737 2.9856398 3.3423751 2.5293830 2.1763198 3.6177113 3.9192799 2.2766712 3.4138959 2.3844448 0.0000000 3.1395389 2.9621751 4.3622540 2.7292745 4.0337155 4.0720922 2.9081464 3.0032498 2.3741084 2.4574486 2.9465454 3.9835982 4.0179105 0.9997525 3.7796180 3.5948228 3.0784929 3.4186923 3.6866898 3.8597149 4.2558857 3.0300940 2.9542093 2.2577455 4.7564027 2.4827731 3.3457530 4.4065445 4.2874750 2.8241808 2.5079649 2.4712925 2.7822018 3.8625097 1.9280995 3.0595055 2.1060835 3.6141582 3.9748573 2.0076957 4.0188920 2.6370847 3.7226247 2.6606023 4.2153545 3.1372449 3.3608045 3.3524591 3.5618757 2.8332399 1.9894189 2.9886029 2.6222882 2.7221506 4.7075815 3.9240946 2.2910534 3.2754616 4.0446375 3.1631313 2.1671090 3.2003400 3.9507986 3.5365562 3.1344164 2.8871056 3.2716158 2.6012096 3.9338932 3.0687532 2.4637119 3.3196988 2.4123377 4.6080437 3.0929160 4.1041202 3.1511849 2.8962748 4.1481508 2.7256400 3.5808068 3.1555107 2.3983158 2.1839986 3.5972801 2.9210060 2.5855749 2.9597507 3.6741708 3.5011104 2.8022629 2.0623179 3.2049366 6.2190431 0.6139514 3.8771698 3.6261418 3.4300470 3.8808676 3.9353101 2.3120437 2.8435698 2.4202762 2.0067096 2.7119682 0.4389319 0.9527639 4.0307453 2.4672485 3.1856074 3.1017796 3.2714366 3.7031056 
macacinebeta3_RL11O2       4.1965810 3.2918890 3.3610006 4.1235947 3.6271528 3.6240124 3.4900199 3.5195728 3.4085376 2.7122467 3.3092052 3.9310779 2.4884719 2.4551783 3.4681385 3.1395389 0.0000000 3.8964672 4.0581743 3.6780231 3.0096309 4.0871091 2.9440663 3.7038519 3.6225213 3.2703222 3.3220355 3.0029735 4.9002955 3.8266142 5.9129591 3.6933931 4.1973029 3.1688818 4.1955187 6.2711449 4.5112561 3.5742370 3.5401430 3.1049430 5.0813258 3.8500265 4.2668845 3.3982843 4.3485334 3.5708554 3.1780749 3.7027353 4.3920527 4.9401628 3.1630737 3.6280982 2.6698005 5.2608674 4.4911819 3.1096037 6.1935816 2.8197019 2.9020732 3.7233957 3.7670213 2.9623288 4.2577809 4.0145009 3.9921232 3.4783257 3.5181538 3.8906818 3.3235726 4.0013384 3.4158364 5.2072134 2.6768135 0.8804880 3.7196414 4.2031983 4.9382265 4.6304156 6.4535692 3.0749538 3.9265422 4.0154770 4.2994597 4.0823116 3.8359283 3.0020427 2.6854180 4.0192178 3.4894668 3.5954252 3.5297873 4.5639437 3.1650108 3.3745476 3.1781596 2.9417302 4.8581395 3.8705088 3.0428922 3.8176404 4.3038193 3.9332253 4.1339207 3.4790183 4.8534020 3.7434392 3.9342536 3.2972024 3.9710150 5.6678717 3.6307901 3.5821338 3.7379667 5.9362447 5.3292974 4.5647373 3.0130647 3.1305881 4.3233518 3.8044390 2.4729633 3.4274674 2.9392526 3.7426601 2.8588582 3.0249008 3.3742105 4.0321177 5.1351393 
macacinebeta8_RL11J        3.4916053 2.7781027 3.3215170 3.6529257 3.0873057 0.3143351 2.8362537 3.4074571 2.7504890 2.6192696 3.2381711 3.0742805 2.2673980 3.4394598 3.1019946 2.9621751 3.8964672 0.0000000 3.1105547 3.1344576 3.5357978 3.0464621 1.6495832 3.8909032 2.8903748 2.7100539 2.7465718 3.5914675 3.5964894 3.4145304 3.5162033 3.1582124 1.8441887 3.3642374 4.0331970 3.6169934 4.0343350 2.6820309 2.9350950 2.6123244 3.9179170 3.4957476 3.2541606 3.8471721 3.5149653 3.1617890 3.1442848 3.1533635 3.1612509 3.7061502 2.9772557 3.0020715 2.3486763 5.1258587 3.9824584 2.3839287 3.8987038 2.7889592 3.5273710 3.0064868 2.8689917 3.9633086 3.9519382 2.5472180 2.3880307 0.6934251 2.4744630 3.4293698 2.7558406 2.3172141 4.1098431 3.6736872 0.7796591 3.1317028 3.5249489 2.8187418 3.0474534 3.2030737 3.0854778 3.0097316 3.1212832 3.3595255 3.1238923 2.4576239 3.8158679 3.0949583 2.9537974 3.6639684 2.5814931 3.0967694 2.7430059 3.1802276 3.0082757 3.3276347 3.7950772 2.8762728 3.2259457 3.1021682 2.7311944 2.4168446 3.4292752 3.8080079 2.5476135 2.7814879 3.7924220 3.8573690 0.2685223 2.6962853 3.4995990 5.7730126 4.0902179 3.0986627 3.2929540 4.5631537 3.7411310 2.7076059 2.5171139 0.6999160 2.6071519 2.8665507 2.9964735 2.7107793 3.2945665 2.9499068 3.1300775 3.1387245 3.1141846 3.4725214 4.2368614 
papiinebeta4_RL11D3        2.6943641 3.9062617 3.7610132 2.2305697 3.6938871 2.9918731 3.7433229 2.7109096 3.5006145 2.8110701 3.6739259 4.1096579 2.8939071 3.3899055 3.5551877 4.3622540 4.0581743 3.1105547 0.0000000 4.2033308 3.4231250 3.7109511 3.7951774 3.6641331 3.9834394 2.8033658 3.7110283 3.2742910 2.5732828 4.6413787 2.8096640 3.8548943 4.4643204 3.9645015 4.4235625 2.2267306 5.0353569 5.6831225 3.6518470 3.6901174 2.9275798 3.8494908 2.4120933 2.8140243 2.6254521 3.1131084 3.7735406 3.6123719 4.7467956 2.5871253 3.3702777 3.2457211 2.9053796 3.6549807 2.5435106 2.8931990 3.1551609 3.7260108 3.7192221 3.4047790 3.7312867 3.4011161 2.7995798 2.9555696 5.1865169 3.2267502 3.4213010 4.6470879 5.2159947 3.9677079 4.3189723 2.8008229 2.9115307 3.8945660 2.6461557 3.9807232 4.0768272 3.6013275 3.9103109 3.2766071 3.1208080 2.7238552 2.4470283 2.5908088 1.4912190 3.5852879 3.3885096 1.8294594 3.1394983 3.4856871 4.6410112 3.7870506 3.6932766 2.4025210 3.5171905 3.3190418 2.8220245 4.0185307 3.6539014 3.8428694 3.0965638 2.0818099 2.6385503 3.7650520 3.0844141 4.1946000 2.9402861 4.0853491 3.4609306 3.3518777 4.3072360 3.6681295 3.5241237 2.9101068 2.4463608 2.9992598 2.6130643 3.2498326 4.1064858 3.7054584 3.3764028 3.9760082 3.9514964 3.4456242 4.0393406 4.1665285 3.6971677 2.1260289 2.5573669 
macacinebeta3_RL11R        4.6918833 4.4897133 3.9749038 4.0745630 0.6680072 3.1205500 3.4108734 3.6596416 4.6361611 2.3091562 4.4372486 3.1473839 2.2060704 3.8270607 3.1234647 2.7292745 3.6780231 3.1344576 4.2033308 0.0000000 4.0066463 3.8043569 3.4864657 4.3585327 3.2900742 2.6301061 4.1891935 3.7153417 6.1273392 2.8300389 4.4803584 2.9535413 3.6869132 4.0372103 4.9359221 4.0400879 4.1446717 5.5228835 2.0002033 3.4343360 5.3056797 3.2740685 3.6563658 4.0994889 4.1915715 3.3372168 3.3462854 3.9569583 4.6261237 3.8019505 3.1832540 3.9735753 1.9287733 4.4652703 3.8697792 2.5888450 3.7124401 3.5246619 3.0643236 3.4054915 4.4505454 3.7353260 3.8817102 3.4571125 4.0996202 3.0431308 3.4368912 4.1756752 3.8997886 1.8295497 3.8497101 4.2475336 2.6815660 4.7675067 4.1714842 1.9127435 3.7751263 3.6196936 6.2114323 3.8077038 2.6272309 4.2630460 3.8233133 3.4559696 4.6943320 3.8273761 2.7472775 4.1184062 4.6056537 3.7834535 3.7551665 3.9685370 3.4451029 3.6625248 4.1949215 3.8889171 3.5171791 3.9167941 3.2805255 3.0377436 4.8556167 3.2903643 3.6836920 0.7911421 4.9851113 4.9244534 3.1287800 2.8544534 5.1690460 4.6298662 3.7414374 3.1500996 3.7655048 4.9942675 4.3915537 4.1025248 1.9585694 3.3122791 3.4313779 4.0799656 2.6349785 2.8136863 3.8153777 4.0711707 3.2274657 4.5325768 4.3488822 4.1509049 3.2107614 
macacinebeta3_RL11A        3.1234887 2.4661197 4.0317499 3.2727761 4.0096745 3.1343443 4.9861117 4.2694426 2.6444149 2.4790693 2.7730094 2.4687482 2.7494841 3.5631122 2.4633614 4.0337155 3.0096309 3.5357978 3.4231250 4.0066463 0.0000000 1.3927441 3.2758589 3.4684528 3.6951632 2.8670298 3.9404811 0.1382401 3.9543951 3.9089523 5.4333882 4.2756382 4.0044617 3.3919451 3.1616040 3.4201895 3.8609701 4.8322719 4.3266080 3.1676357 4.2870247 2.7751865 3.6802676 3.8446421 3.7899024 4.2496916 4.2042683 3.7535905 3.8553467 3.1650839 3.3814218 4.1539827 2.9524840 5.6387038 4.7108778 2.8083121 4.2668073 3.5103597 3.0776079 2.5405386 1.2269625 3.3866866 3.2997339 2.1481741 4.5209455 3.4947088 3.4739090 3.9274694 3.8751008 3.3910305 3.7910854 4.2128273 3.2002663 3.4978491 3.3612731 3.6494431 4.5047417 2.3585098 4.9727912 3.8766991 3.1502592 3.5740628 4.6074052 3.4144106 4.9444088 4.6379359 3.6588621 4.5067497 2.5127399 0.1743445 4.8905519 1.0996883 3.4565673 3.1715291 4.3820874 2.4426155 3.9592831 2.8919057 2.9974133 3.2005623 3.4215809 3.4630551 3.2494856 3.6737630 5.7416387 4.2010098 3.6741211 3.5210813 2.8304518 6.0449124 3.8994265 4.3170501 3.9579830 4.4681867 4.5954634 2.9631229 2.9532353 3.5024223 3.3566964 3.8986838 3.5085138 3.9810004 4.2448347 3.9269722 2.7330119 4.0340282 2.8618995 3.6960232 3.3767348 
papiinebeta4_RL11A         4.1884840 3.6293136 4.0781588 3.8838585 3.6849635 2.6653616 3.8656730 3.7445897 3.3880737 3.1476063 3.7522269 2.8874976 2.5091496 3.8952206 3.3186105 4.0720922 4.0871091 3.0464621 3.7109511 3.8043569 1.3927441 0.0000000 3.6374012 3.4539978 3.7330213 3.0992843 4.3996241 1.3348088 4.8461082 4.3984325 4.9820736 4.3136735 3.2202372 3.9597694 3.1014906 4.2019082 3.7303841 3.8257026 3.6693464 3.4547553 3.2068599 3.3529964 4.1601146 3.8586974 4.4652630 3.9154808 4.1905735 4.1184368 3.2977112 3.9846669 3.5278938 4.3163594 2.9261099 5.1856904 5.4571998 3.2060768 4.1726382 4.2495125 2.8291570 3.3123581 0.7511776 3.3642376 4.0767825 3.2746022 4.4276799 2.9088634 3.1805950 3.6327911 3.7709443 3.4574399 4.2376168 5.0882502 2.7705402 4.0849477 3.9329389 3.9257953 4.6831335 3.7045690 4.9486647 3.7366384 3.4529275 4.3292529 4.5550772 3.3888752 4.1853709 3.2792326 3.8851693 4.3465143 3.3374745 1.3541146 4.4709282 1.1227510 3.9686538 3.4418949 4.7662838 3.2185910 3.7122729 3.7773972 2.9274830 3.5001566 3.9256887 3.5404621 3.2328853 3.5349089 5.0927260 4.4875415 3.0882527 4.0339543 3.9845974 7.3356913 3.8676336 4.1705211 4.8662762 4.7687250 3.9872733 4.3681890 2.8026588 2.8157603 3.1794131 4.4596917 3.9712414 4.2322549 3.6339366 3.8261289 3.2941599 4.0472227 3.4983442 3.6851614 3.4777883 
paninebeta2_UL6            3.4026402 3.0460761 2.9637695 4.2218094 2.7532627 1.5780835 2.9428664 4.0129734 3.0223232 2.9595221 3.6503605 2.9383397 2.3988489 3.2472979 2.7420605 2.9081464 2.9440663 1.6495832 3.7951774 3.4864657 3.2758589 3.6374012 0.0000000 3.9390738 3.4554994 2.7308499 3.0404982 3.3556148 3.4173503 3.4216850 4.2836858 3.1399219 1.3051606 3.1936546 3.8026033 4.1157607 4.0646081 2.9916066 2.9002275 2.9557997 4.4669148 3.2955193 3.5465756 3.6768841 3.8824684 3.1259489 3.1859402 2.8412979 3.3714642 3.6141522 3.2025028 3.4094213 2.4825889 4.7776993 4.3775174 2.3903586 3.8782834 3.6939871 3.0995227 2.7339413 3.6528703 3.2074446 3.6813899 3.6538958 2.7002734 1.6220801 2.3514036 3.1739001 3.4481220 2.6415962 3.7821409 4.2678844 1.6371490 3.2124772 3.9526595 2.9221521 3.6122227 4.0502374 3.0995023 2.9818170 3.1089824 4.5434017 3.9843495 3.0764786 4.3235968 3.0827136 3.4618831 3.6956980 2.9687536 3.3878912 3.5114870 3.5745429 3.7916503 3.6208234 3.8246918 2.8601733 4.6576673 3.1223310 3.2245589 2.6676052 3.5278566 3.6974780 3.0269775 3.0669964 4.6133281 3.8637462 1.4838604 3.1084644 2.6663205 5.1745390 3.4274023 3.0079819 3.8071408 4.8001601 4.1985023 3.7816222 2.5872099 1.7991714 3.2104028 3.3893902 3.5938901 2.7969243 3.3921812 3.9079474 3.3437937 3.6974828 3.5530333 3.8386511 4.1737572 
cercopithecinebeta5_RL11Q  4.1612990 3.9877399 2.1762405 4.7312085 3.8205201 3.3644672 4.1076211 3.9397729 3.5494410 2.6589213 4.3465853 3.0795179 2.7114835 1.8074286 3.2459932 3.0032498 3.7038519 3.8909032 3.6641331 4.3585327 3.4684528 3.4539978 3.9390738 0.0000000 3.5809437 2.5986942 3.5929014 3.5767009 5.5341083 3.0606540 4.6237051 3.0406613 3.8471433 1.9233579 5.0921354 3.7518473 4.0444028 4.4185597 3.7371764 3.5164706 3.5260242 2.9982555 3.6065353 3.7924513 4.7846113 3.6092749 2.8637430 2.7928748 4.9287524 3.9084648 3.7915250 3.8203049 2.3455908 4.4035916 3.7080842 2.5707862 3.9642501 2.6253365 1.9410687 3.0353497 3.9473899 1.8790233 3.6729750 4.1931808 4.6030075 3.6432821 3.1698182 3.5680032 3.6074765 3.8972652 4.6326077 4.8782962 3.2791222 2.6916742 3.6180659 3.5812790 3.9925087 3.8803396 5.4172646 3.9021794 3.5338032 4.1962334 4.2431592 2.7964003 3.6085852 4.3228000 2.4551034 3.6168380 3.7377753 3.7100075 3.7267093 3.6880827 2.3347035 3.1359160 3.8983217 3.1888931 6.0227528 3.5732173 3.4533030 3.5614900 3.9209718 3.1484035 3.7922414 4.1306177 3.7745319 3.7571734 4.0668116 3.5118332 3.2552022 3.6617613 3.0996735 3.6297025 3.2901356 4.1681004 4.3778814 4.2017049 2.5031715 3.8379870 3.2322666 4.0386653 2.9163641 2.8201742 2.6116568 4.2557848 3.0000921 3.7170566 4.1042845 3.7900403 4.0333006 
macacinebeta8_RL11K        4.4189125 3.5320018 3.4803596 3.9140212 3.2761546 3.0931361 2.8877125 3.6661980 3.0006076 2.7475229 3.9093352 2.5901209 2.5312605 4.0823046 3.1249905 2.3741084 3.6225213 2.8903748 3.9834394 3.2900742 3.6951632 3.7330213 3.4554994 3.5809437 0.0000000 3.6029342 2.5591117 3.5056238 3.9681315 2.8620013 4.9928100 3.4362575 3.4200739 3.4357803 3.8011440 3.4724502 3.8232624 4.2849639 2.8208795 2.0237105 5.4299737 2.7119355 3.7351224 3.9673857 4.3585071 3.3179663 3.2820436 3.3583573 3.7326174 3.7542470 2.2841718 3.2250082 2.5987528 4.5041021 3.9505200 3.1506842 5.1675257 2.7882622 3.2942912 3.1684955 3.1038082 3.0744458 4.3314460 3.1261116 3.7485446 2.7190523 2.7799790 3.5536019 2.0840419 2.6253731 3.9458687 3.8786467 2.7878762 3.2667573 4.2735048 3.3669843 3.4419602 3.1508771 4.8460014 3.3175071 2.7189284 4.1087108 3.8996974 2.5973541 3.6826824 3.8572181 2.6274713 3.7064054 3.3080309 3.5230421 3.4420088 3.4243356 3.2057947 3.5332925 3.4000898 3.3113521 4.8453110 3.2921825 3.6880178 1.1346253 3.5565538 2.9943029 2.6263929 3.2037914 4.3017386 3.0767660 3.4286752 2.2390996 4.1041070 5.2877748 3.1850398 3.8659881 3.3603301 5.0140639 4.2723231 4.1285508 2.8260040 3.5449478 1.2576076 1.8254543 2.8803684 2.3587455 2.8952988 3.3676933 2.7063158 4.0676273 3.9776319 3.5112495 4.3903012 
mandrillinebeta1_RL11S     3.3470350 3.3849469 2.5378012 4.1877220 2.6094945 2.4544796 3.0267512 3.5660864 2.7118602 1.0629285 3.0450010 2.8145044 0.9070136 2.7254467 2.5692515 2.4574486 3.2703222 2.7100539 2.8033658 2.6301061 2.8670298 3.0992843 2.7308499 2.5986942 3.6029342 0.0000000 4.0844590 2.7617179 3.8567879 2.5476133 3.7298115 2.6093502 2.8761973 2.7608430 4.1712202 3.3266438 3.5926415 3.7319495 2.6499136 2.7309620 3.7704162 3.4312857 3.6053119 3.8779510 3.8117906 2.9334424 2.9714622 2.8191466 2.7011466 2.9236471 3.3461198 3.1141424 1.0665939 4.6681086 3.0179086 1.2475786 4.3568913 2.4363887 2.7258667 2.4956530 3.4166317 2.8565698 3.3778120 2.8975308 3.5659857 2.6159952 2.3219666 3.5046268 3.0776833 2.6868871 2.7794419 4.4076275 2.3316816 2.8008070 3.2561833 2.5423106 3.7335958 3.1218246 3.4982861 2.9699201 3.6026962 3.1644828 3.1979996 3.0689260 3.6512405 3.5781962 2.7932483 3.5538542 2.2466535 2.8948902 3.4651179 3.2373812 3.0325074 3.0665602 3.1384479 2.4454735 3.6471973 3.3682774 2.7202291 2.6291519 3.0650720 3.6626546 2.6235339 2.9974513 3.7610238 4.0891574 2.6742203 2.6797803 2.9119143 4.8513576 2.3551833 3.2320991 3.6490852 3.6542816 3.5658850 2.7953192 0.9926647 2.5555129 3.3188999 2.4515487 3.1283952 2.5280666 2.4903296 4.6956860 2.4454673 3.5582730 3.2522725 2.7503193 2.8057746 
paninebeta2_UL9            4.2142019 3.6278024 3.7382161 4.4699363 3.8191068 2.5635711 2.9298989 3.9263395 3.4609611 2.7809450 3.4522071 4.2406139 3.2149421 3.6421168 2.6754799 2.9465454 3.3220355 2.7465718 3.7110283 4.1891935 3.9404811 4.3996241 3.0404982 3.5929014 2.5591117 4.0844590 0.0000000 4.0555397 4.2044086 2.8762323 3.9944161 3.1463716 3.3217478 3.8843694 4.5663947 3.9315504 3.7626469 4.3659781 4.2303680 2.3381657 7.5941883 2.6799258 5.0028016 3.8844233 4.0004620 3.2301054 2.8665384 2.8650035 4.0903906 4.0263369 2.6050093 3.3239667 3.3826275 5.4239969 4.6469169 3.1346056 6.4526547 3.0445747 3.2565886 2.8571672 3.1905134 3.0721847 3.6975583 3.0999277 4.6739106 2.9788973 1.9718143 3.8268930 3.3017065 3.2876168 4.1392563 4.1336998 2.7952973 3.2001186 4.6077006 3.9343570 2.4363317 3.7158571 5.7045226 2.9691608 2.5966289 4.2254195 4.0116251 3.3603845 2.7691410 3.7408468 2.7198013 3.3691858 3.5261427 4.1377124 3.1444330 3.7786959 2.4130527 3.6308810 3.4191467 3.2838681 6.1825176 3.3363726 4.2198740 2.6205962 4.5549564 4.1461368 3.5396434 4.1150420 3.4315585 3.1369013 3.2631505 2.9119121 3.5700448 6.4757642 3.6557631 3.0722376 3.3959937 5.1189559 5.2369075 4.9047434 3.0856925 3.1499273 2.6671271 2.4334574 2.8462535 2.8061666 3.6399250 4.6660548 2.5587733 4.1358136 3.8242115 3.9874094 5.3015778 
macacinebetajap_RL11A      3.3905669 2.1636945 4.0384735 3.4569093 3.6558482 3.1819376 4.4133535 4.4111711 2.4585181 2.4634563 2.6470147 2.4919695 2.5737117 3.7483918 2.6871978 3.9835982 3.0029735 3.5914675 3.2742910 3.7153417 0.1382401 1.3348088 3.3556148 3.5767009 3.5056238 2.7617179 4.0555397 0.0000000 3.9762933 3.9342657 5.2382252 3.8823584 3.9040345 3.7033419 3.0934961 3.1077997 3.9746721 5.0662197 3.9349400 3.2130070 3.8850038 2.4786492 3.6063084 3.8296709 3.7342804 4.0173273 4.3135057 3.6780126 3.9981752 2.5704856 3.2460256 4.2743024 2.7772017 5.3449524 4.4270651 2.8186825 3.9234214 3.3525222 3.1806511 2.7122059 1.0578346 3.2526856 3.0612413 2.2762835 4.4371336 3.7140545 3.2511445 4.1269162 3.6700228 3.1139541 3.7915350 4.6916951 3.2232053 3.4201865 3.2558638 3.4536340 4.1743519 2.5301691 4.7169399 3.7774729 3.1578304 3.4218092 4.1946480 3.1200182 5.3914717 4.3497656 3.3799039 3.8791962 2.3363864 0.2583781 4.8773416 1.0856220 3.4278748 2.8673355 4.3150599 2.4839214 3.6281937 2.9328080 3.1383565 2.9896185 3.6257197 3.2651718 3.3118703 3.3301136 5.9921477 4.3559099 3.7035566 3.4599019 2.8435527 5.6351226 3.8456147 4.1403894 4.1801742 4.0385706 4.8986415 2.9196270 2.5365069 3.6004570 3.2531986 4.5545624 3.2869933 3.5809201 4.1327097 3.5832148 2.7681385 4.0530330 2.7725424 3.7590094 3.0076820 
cercopithecinebeta5_RL11C1 2.8515576 3.9085487 4.4553921 1.7690938 3.7324741 3.4523752 3.8913298 2.0756707 3.3857031 3.2555576 3.7794239 3.7413901 3.1321327 4.8990698 3.4518353 4.0179105 4.9002955 3.5964894 2.5732828 6.1273392 3.9543951 4.8461082 3.4173503 5.5341083 3.9681315 3.8567879 4.2044086 3.9762933 0.0000000 4.8352762 2.1895663 4.0091241 4.5023843 4.4150765 5.2074588 2.7490669 3.7845898 4.5797096 3.9528227 5.0914006 4.5092187 3.2358143 2.1339083 2.0443348 2.1066323 4.1092248 5.2045052 3.6819680 6.3470648 1.8965537 4.9227288 3.7953481 3.6424867 4.0585398 2.9315502 4.2938446 3.9527147 5.3326420 5.4206266 3.3567690 4.6327172 5.2322753 2.0757660 2.9950360 4.6779523 3.7732198 4.2234166 4.3057940 4.5309957 3.7108388 4.3233126 2.3200370 3.0220821 5.1777061 2.8238031 4.4765322 4.5234173 3.0659959 3.0193275 4.5375314 3.7184412 3.4473604 3.4287203 3.1561941 3.2796477 4.8723884 4.5755855 2.5043827 3.5137800 4.0749329 5.6499024 5.3052816 4.0889075 3.0105215 4.0132579 3.2326339 2.4280704 3.9645523 3.9886817 3.9881386 2.4053072 1.8168575 3.3714970 3.8423507 3.5505005 3.9293207 4.0950967 4.2130114 3.2010058 4.0310897 4.5633496 6.4497619 5.9159449 3.8650802 2.2137144 1.5735095 3.6138757 4.4064593 4.4118326 3.4630700 4.3380203 3.9279924 4.8715243 5.3080488 5.2235271 4.0095261 3.9795275 2.4846021 2.2383175 
cercopithecinebeta5_RL11M  3.2464074 3.3599676 3.8148444 3.6236295 2.8968311 2.9406216 2.9003792 4.2014967 3.1221773 2.2609693 3.9907679 3.6836921 2.1709937 3.2916233 2.5888631 0.9997525 3.8266142 3.4145304 4.6413787 2.8300389 3.9089523 4.3984325 3.4216850 3.0606540 2.8620013 2.5476133 2.8762323 3.9342657 4.8352762 0.0000000 4.7900108 3.1372075 3.4726691 3.8762542 4.3552806 3.6524225 3.9781762 3.6250960 2.7522191 1.9863639 6.3739429 2.5385368 4.1504678 4.1661023 5.3058987 3.1112615 2.8076066 2.9526495 3.6919119 5.1591344 2.0655203 3.1858357 2.5939389 4.0921635 4.1703583 2.2083408 5.1593883 2.7777914 3.9654691 2.6773545 4.1504646 3.0006621 3.9481703 3.4997897 3.9741957 3.5953103 2.2620916 3.5990196 2.9054471 3.1849584 4.3548034 4.9894518 3.0692585 2.9238675 3.7450097 3.2725259 2.4981419 3.5794704 4.2791219 3.9264435 3.2004344 3.7359630 3.7849707 2.5720247 3.9198176 3.0929340 2.6022422 3.9191906 3.0062756 3.9358965 3.0372291 4.2641652 3.0083440 3.3869636 4.5255269 2.7707134 4.2065700 3.1668477 2.9727799 2.3866657 4.8661277 3.4205848 2.8161649 3.0306151 3.6903347 3.4146550 3.4118194 2.0892549 3.2961596 6.4193114 1.2636411 4.5614606 4.1289497 3.7294344 4.5811629 3.9082558 2.3933601 3.2107654 2.5683025 2.2354221 2.6094926 0.9791159 1.1626156 4.7690999 2.4256510 3.0601843 4.0902456 3.6925494 3.9559854 
