160
elephantidbeta1_EE50       0.0000000 1.3660880 1.9668675 2.6454755 2.9296128 2.6588055 2.9651240 2.9931033 2.9640522 3.1782800 3.2928872 2.4792991 2.8926632 2.7928322 3.4669045 3.4093254 3.1132738 2.8952203 3.0777279 4.0866959 2.6779503 2.9349157 2.6518502 5.0654502 4.5602784 3.8845359 3.6736389 4.0765456 3.2283869 2.7830806 3.0415922 3.6501362 3.3340725 3.2594833 3.2476944 3.1683501 2.6171468 1.7859872 4.5824005 4.7986998 8.9999990 3.2401118 3.1133846 3.1918843 2.9082541 2.4936447 3.2035382 2.6159727 2.7144626 2.6871167 3.5971005 3.2122458 3.1861896 3.3963388 3.0501209 3.0606197 3.3911304 3.3981574 3.4545016 3.4905906 2.8981346 3.7696066 3.5536634 3.6572399 3.0511529 3.4025856 3.3541911 3.6181370 4.1646946 4.4110055 2.9982625 2.9413356 3.1464294 3.2164427 2.8477850 2.6861724 3.3207213 3.4711965 3.6585728 3.3203869 3.0221740 3.4597128 3.4929453 3.4442108 3.2456270 3.6513207 3.8060545 3.5961865 3.1168060 2.8954032 2.8098071 2.2259043 2.4313372 2.4245966 2.3385104 2.3984423 2.3130008 2.7559702 2.6650258 2.8680439 3.2007093 3.0373403 3.1511681 3.0384706 2.8544814 2.7315839 3.1425333 2.5328674 3.2189582 3.3904030 3.4042361 2.8250808 2.8996311 2.4806477 3.4426509 2.8411516 2.3458598 3.3578621 3.6770677 3.9707817 3.4610171 3.6682826 4.7687175 3.4407677 4.2058659 3.6835446 3.3792609 4.0006727 4.1019878 3.8055702 3.7639449 3.7281580 3.5520327 3.5538574 3.0995529 3.7086870 3.4937438 3.0519181 3.1921539 3.7185996 3.6824489 3.3967096 3.4727515 3.0558770 3.3727886 3.0991603 4.4765151 5.0967049 4.7806453 3.3365067 3.6046198 3.5422487 3.6521854 4.0151533 3.0430923 3.1204301 3.2244933 2.9255177 2.9667198 2.6845382 
elephantidbeta5_EE50       1.3660880 0.0000000 2.3455736 2.8977475 3.3632217 2.9522150 3.1258239 3.0516747 3.6150955 3.3202496 3.5763953 3.2127712 3.1401027 3.2866951 3.1547094 3.2335677 3.6925300 3.7592044 2.7579535 3.5516408 3.0136860 2.8232458 2.7392316 2.4391473 2.9625727 2.8752165 2.5483549 2.7813880 3.4044865 2.8105285 3.0879502 2.9595055 2.7235129 2.2609406 2.2611859 2.1878766 2.2258809 2.1627849 9.0000000 5.3627877 8.9999986 4.1328048 4.1018059 4.3604105 2.9963055 2.5363255 2.6794384 2.6959237 2.8921623 2.9630754 3.0722702 3.3248619 2.7420867 2.9417237 2.8998773 3.2102418 3.3321494 3.4689501 2.9627938 4.4758487 3.5047401 3.8598610 3.1255067 2.8935047 3.1234549 2.9304707 2.7741418 2.8025110 3.1658811 2.9597292 2.7327836 2.8226615 2.9503120 3.0961154 2.9314177 2.5162780 2.2901977 2.8846769 3.3357049 2.9711860 3.4071695 3.3985843 3.8644932 3.1911951 3.0910065 3.5452223 4.0078589 2.5482717 2.4161152 2.7637843 2.6459300 2.0029218 2.4342790 2.6056089 2.6172250 2.6755944 2.4917243 3.4092018 3.3002069 2.4465092 2.8080120 3.1433815 2.8570322 2.7524267 2.8473577 3.7400416 3.8314366 2.5728656 2.6305520 3.3773591 2.8139364 3.0968394 2.9054241 2.9770040 3.2468277 3.0220732 2.3107232 2.8233850 2.8451653 3.0321690 2.4701956 3.7137089 3.8419595 2.8912212 2.8398372 2.5051917 3.2110239 3.1962198 3.1895308 3.3089037 3.3233011 2.7965262 2.4078750 3.1081172 3.0383531 3.1650279 2.9494466 2.6003183 2.6762006 3.9296740 3.7625759 4.2139398 3.9714134 3.1263492 2.9505680 3.1239571 3.3629900 2.7333216 3.0757830 2.7662338 3.0440923 3.4357961 3.4126534 5.1285781 3.6220742 3.6997216 3.5813559 3.4420530 3.4346171 2.5587983 
humanbeta5_UL7             1.9668675 2.3455736 0.0000000 1.7658172 3.8069086 4.0252320 3.7560247 3.5806088 3.5244142 3.4581071 3.5277913 2.7781343 2.8335410 3.0064146 3.0676608 2.5544785 2.6153759 2.7581751 2.8036590 3.0257609 3.1880337 3.4140100 2.9231597 2.6170584 2.4966650 2.7745454 2.7388217 2.8476757 2.6615265 2.8612825 2.6125252 2.6032419 2.3080114 2.6424668 2.6092549 2.5221971 3.1992806 2.4319879 3.1020406 3.4629278 3.2548872 3.0143296 3.1009837 3.0219169 2.2711155 2.4975552 2.3679754 2.4753032 2.4514806 2.4950649 2.5109590 2.4551482 3.3448468 2.9149434 2.7612587 3.0261010 3.1984232 3.2188316 2.7773544 2.7655470 2.8087527 2.9621819 3.0203757 2.9198329 2.9286921 2.6963125 2.7553137 2.8201641 3.2388550 2.8469582 2.9018721 2.8078682 2.7951191 2.6582340 2.7292992 2.5656217 2.7720896 2.5397650 2.8827001 3.1819076 2.9057112 3.0569089 3.0790734 2.4382048 2.4038230 3.3152003 3.0324515 3.3071480 2.9251797 2.8472481 3.1902626 2.9649668 2.8518174 3.2617540 3.1515544 3.2352139 3.2372173 2.8381039 2.7138754 2.9929811 3.2613967 2.7258545 3.3969127 3.0544855 3.4893651 2.9090686 2.6678165 2.8562905 3.5907491 3.2673349 2.8057773 2.5116023 2.3959256 2.7320737 3.0583102 2.9735500 2.8704413 4.0885848 3.7316957 3.6220167 3.2764193 3.8200278 3.4999166 3.5353351 3.4939700 2.8393039 3.2641909 3.4272017 3.3548811 3.5067621 3.4345635 3.5859353 3.3925182 3.5600859 3.2737876 3.5727760 3.7219560 3.6569360 3.6788648 3.6503200 3.5422921 2.9695245 3.6473296 3.0238353 3.4654878 4.0695500 3.7447947 3.6353618 3.2383058 4.1942272 4.5796482 3.6524792 3.8392811 3.2712812 2.9278411 2.8517025 2.7130296 2.3742220 2.5242927 2.8409429 
paninebeta2_UL7            2.6454755 2.8977475 1.7658172 0.0000000 3.0841798 3.4397954 3.4212996 3.3073325 3.1856250 3.1709447 3.2039920 2.9117775 2.8448615 2.9680235 2.6244424 2.3186124 2.7458797 2.9675262 2.5811963 3.2343804 2.9743827 2.8611111 2.8288910 2.7423699 2.4795600 2.7430941 2.5988150 2.7954805 3.1161730 3.1830782 2.5740042 2.8999684 2.7939355 2.8888326 3.1098270 3.0198553 3.5793644 2.6806887 2.8246590 4.2792892 2.9646871 2.8544208 2.7908879 3.1581549 2.7265281 3.0754460 2.8971737 2.6652514 2.8113207 2.5816194 3.2877463 3.2898126 3.0431866 3.1803150 2.7756283 3.1071283 2.9481375 2.9145456 2.9772348 3.1369508 2.7501781 2.6650814 2.8534465 2.9873504 2.8553282 2.9848361 2.7041199 2.7728738 3.7714537 3.4077533 3.2621398 3.2490201 3.4185363 3.2885424 3.1653178 3.2314688 3.6353548 3.3087954 2.4887035 3.9250825 3.2893632 3.7828213 3.5812510 3.4203424 3.3079778 3.6890230 3.3030056 3.4690864 3.0150788 3.0714390 3.4292458 2.6625067 2.9433587 3.2039566 3.3864083 3.5164480 3.6025369 3.3772501 3.3194314 2.8584801 2.7852940 3.2921589 3.1515704 3.8624154 2.8264799 2.6257411 3.0348831 3.3990553 3.9921524 3.5730904 2.9176452 2.7222959 3.1340516 3.8105879 3.2138072 3.3933681 4.5111457 4.1151058 4.1033846 3.5048231 3.5168567 4.5803066 4.6060841 4.4267324 4.0866769 3.6028453 3.9529931 3.8602805 3.7244282 3.8813980 3.8058259 4.4378605 3.6090506 3.6010067 4.2957865 4.0478386 3.8154884 3.9907042 3.8142662 3.8048845 3.7081095 3.2217149 3.9499915 2.8604993 4.7242538 3.9177984 3.7667843 3.8506747 3.5094719 4.2565681 4.6796318 3.1923888 3.9635298 3.5321733 3.6397084 3.3058294 3.0737184 3.0735339 3.0232326 2.2431808 
cercopithecinebeta5_RL11H  2.9296128 3.3632217 3.8069086 3.0841798 0.0000000 0.8066534 0.7677570 1.0613326 1.4967991 1.4978877 1.3710172 1.6024874 1.5832379 1.6019050 2.3252222 2.9470312 3.1905326 3.2371960 2.9176250 3.3887357 3.2382637 3.0523477 3.1865364 3.3663778 3.0107088 3.0716230 3.1480261 3.2151089 2.9576982 2.8883026 2.7712118 3.3678189 2.8122266 2.7761337 2.7102903 2.6025366 3.0198077 2.1530960 4.2602118 5.6113982 4.0725144 2.9376015 2.8243185 2.9548097 3.1765228 2.8450505 2.6060288 2.6329115 2.6283387 2.5553873 2.9667368 3.1984905 3.1344883 2.9397436 2.6233624 3.2567379 3.2014610 3.1705151 3.2901569 3.1065419 3.1339800 2.5856172 2.8107795 2.9669146 2.8705835 2.9258210 2.9646222 2.8172930 2.9851824 2.7801662 3.0489473 3.1174714 3.0666857 3.3607913 3.2578939 3.1240850 3.1808827 3.5127976 2.6197015 3.4301380 4.7479172 4.7958159 4.2841801 4.3076190 4.2939310 3.3037822 3.6008725 3.4194955 3.1522141 3.6543908 3.0746548 2.8078148 2.7408718 2.9568419 3.1494874 3.2297275 3.1440580 3.9169342 3.8626768 3.9903939 4.7394907 4.0057651 3.5019429 3.7056710 4.0733573 3.4874992 3.5348515 4.0363993 2.8635514 3.1427478 3.7548228 3.1426915 3.7002288 3.3766604 3.7772251 3.1648158 3.0492824 3.9328746 3.5770650 3.3403842 4.0259036 4.6110688 3.9767335 3.2847962 3.5023423 4.0168526 4.1100301 3.5925693 3.5951380 3.5435825 3.5939038 3.0081869 3.2100876 3.5957574 4.2021811 3.9464575 3.8601325 3.9108364 3.8990292 3.8217279 3.0324747 4.2593334 4.1457656 3.4779631 4.6144940 4.0656237 4.0508480 4.3969749 4.4122551 3.5878361 3.6946211 4.0201127 3.5181679 2.9795582 2.9248353 4.1545765 3.8969836 4.0683978 4.0661660 3.2279485 
mandrillinebeta1_RL11H     2.6588055 2.9522150 4.0252320 3.4397954 0.8066534 0.0000000 0.3436855 1.1117445 1.4351531 1.4611262 1.4094389 1.4218042 1.3823742 1.3688361 2.1705099 3.2437823 3.1398103 2.9909476 2.9657495 3.9336050 3.2366737 3.3397937 2.9448147 3.4390684 3.4155496 3.1477946 3.3158691 3.1670091 2.8273906 2.8773673 2.7830502 3.0730190 2.7265167 3.0615579 2.8256572 2.8490852 2.6658028 2.3380685 4.3567097 4.5240746 3.5720891 2.8952402 2.9158086 3.1390526 3.2380257 3.2698314 2.8935454 2.6935425 2.8690128 2.7559219 2.8629113 3.1794665 2.8005907 2.6462567 2.5646266 2.8563111 2.7913959 2.8838521 3.4270143 3.0957647 2.9107722 2.6735765 2.9819702 3.1327373 2.8179644 3.0354379 3.0026731 2.8938194 2.8155265 2.8920027 2.8921451 3.0110669 3.1626265 3.2687816 3.2923541 3.0255713 3.5178576 3.6776944 2.9985281 3.2805217 4.7920408 4.6844096 4.6994889 4.4078966 4.6343933 3.2488330 3.6988357 3.2293629 3.0591268 3.3903558 3.1843813 2.9855657 3.0468630 3.5433201 3.4733488 3.6901036 3.5220403 3.7798930 4.3088756 3.7790712 4.2382147 3.8149355 3.8080966 3.8489862 3.6718932 2.9955471 4.0989799 4.4163108 3.1851194 3.8497454 3.2899520 3.2995624 3.2334065 3.3365445 3.6629197 2.7219840 3.4503129 3.8296654 3.6646173 3.3245529 3.4917493 4.3068033 4.3455806 3.1057041 3.8054638 3.7098039 4.3461986 4.0134671 3.1956461 3.3727375 3.5089342 2.8496622 3.1094770 3.8232505 3.8645821 3.7526053 3.9009308 3.5690186 4.1563106 3.7111966 3.0504154 4.1610071 3.6081868 3.0786529 4.2198413 4.0709641 4.4979927 5.0874596 4.7151128 4.1541707 4.2988194 3.9469697 3.8602650 3.1363196 3.2904984 4.1378861 4.4168739 4.1285220 3.9208760 3.4284926 
papiinebeta4_RL11H         2.9651240 3.1258239 3.7560247 3.4212996 0.7677570 0.3436855 0.0000000 1.1024329 1.5040820 1.4682053 1.4198259 1.4454761 1.3861187 1.4224860 2.0609323 3.0631254 3.0364432 2.9142767 3.1787063 3.7794169 3.2283142 3.2591823 2.9900884 3.5082795 3.4065835 3.1494129 3.3023201 3.1390325 2.8299453 2.7150199 2.8093053 3.2033565 2.9000977 2.9919314 2.9669603 2.9193573 2.5255454 2.4514749 4.3219770 4.9016778 3.4163398 2.8384570 2.9020536 3.1424438 3.1193590 3.4898250 2.8881933 2.9049757 2.7760768 2.6809597 2.6363803 3.0545455 2.8860052 2.8837092 2.7423812 3.2324521 2.9559186 2.9917449 3.3384198 3.4407581 3.0128953 2.7441312 3.0632240 3.1173807 2.7630277 2.9959779 2.8538962 2.7856769 2.9301326 2.9000266 2.7411631 2.8025244 2.9356544 3.0989321 3.0477268 2.6401540 3.6891065 3.4742250 2.9068850 3.2668848 4.6036509 4.4601439 4.5454984 4.5336386 4.7331019 3.2960032 3.5503767 3.1770622 3.2094659 3.5772142 3.3104751 2.9126844 2.9853747 3.2759657 3.5090103 3.5903015 3.4862019 3.6374591 4.0817656 3.6682599 4.1168913 3.6503600 3.7648838 3.6228282 4.0143021 3.0004420 3.2062227 4.3186226 3.0730089 3.6932504 3.3943463 3.1389571 3.3880968 3.5531218 3.6309042 2.6420973 3.4629365 3.8930533 4.1470116 3.6289164 4.0607140 3.9995396 4.5890783 3.0549352 3.7471016 3.8788829 4.2528488 3.9769478 3.3278573 3.3931739 3.4550512 3.1580284 3.4485204 3.8769439 4.1740659 3.6584695 4.6850534 4.0368545 4.5607965 3.7329967 3.0928363 4.4824552 4.0323103 3.6033998 4.8634108 4.4289704 4.6219000 4.6178430 4.4534119 4.1421778 4.3778406 4.2474676 3.8509126 3.2108839 3.2041210 4.0099783 3.9091016 3.9558485 3.7333774 3.0501772 
cercopithecinebeta5_RL11I  2.9931033 3.0516747 3.5806088 3.3073325 1.0613326 1.1117445 1.1024329 0.0000000 1.8086193 1.8409973 1.7130438 1.5850656 1.6158520 1.6815278 2.1303654 2.9887021 3.0909808 2.8511015 2.7901794 3.3198441 2.7223469 2.7078141 2.7925061 3.2524687 3.2845275 3.1221193 3.2413182 3.2172250 2.7426086 2.7048387 2.6229642 2.6297236 2.7973690 2.4550937 2.4858733 2.4596859 2.9457772 2.1792995 4.2103968 4.3743327 3.5563671 3.6197001 3.5333252 3.5255950 2.9354870 3.0946990 2.8447490 2.5343225 2.8618270 2.7433453 2.9891158 3.3715422 2.5390200 2.7640718 2.5237596 3.1621210 3.5266647 3.5390167 3.5651259 3.1991937 3.2215537 2.4189208 2.9718539 2.9507574 2.9134463 2.8400826 2.7319722 2.8669218 2.7690421 2.6786600 2.9917016 2.9035467 2.9994957 3.0735865 3.2158010 3.0665921 3.1748790 3.2095931 3.1799187 3.4612053 4.2205258 4.0810529 3.9673643 3.9112164 4.1041923 3.4701326 3.7494320 3.1114357 3.2123779 3.3240219 3.0930801 2.8688969 3.1490816 2.9126837 3.0629267 3.2320771 3.1233005 3.7451995 3.8517424 3.8285566 4.2288996 3.2084270 3.6005835 3.7821439 3.4777158 3.1822336 3.7623724 4.8179319 3.2792778 3.3078538 3.5912075 3.1767259 3.5141674 3.5616038 3.3043859 2.7174001 3.3919516 3.1548811 3.2474758 2.9125807 3.3843534 3.4578828 3.4826662 3.2390038 3.5629229 3.3128090 4.0966564 4.1122830 3.5128823 3.6399759 3.5416761 2.7320168 2.7915503 3.8516877 3.5073432 3.4069633 3.8724038 3.6445082 3.9768876 3.6198096 2.8686056 3.7037790 3.5745525 3.4430214 4.4642941 3.4672515 4.3826966 4.7252444 4.2216575 4.2368448 4.2725133 3.8019606 3.5930386 3.6579955 2.5942797 3.2439832 3.9057308 3.6558576 3.8378882 3.0809444 
macacinebetajap_RL11H      2.9640522 3.6150955 3.5244142 3.1856250 1.4967991 1.4351531 1.5040820 1.8086193 0.0000000 0.1697989 0.2016319 1.1243776 1.0961982 1.1301996 2.4846141 3.2200331 3.4729947 4.0334214 3.8090965 3.5209349 3.4068032 3.6121218 3.1422181 3.8470613 3.9808194 4.0647190 4.1898417 4.3882210 3.4155634 2.4410455 2.8770847 3.0960320 3.1288412 3.1338559 2.8607489 2.9760680 3.5828255 3.5752119 4.1128566 5.1129920 3.2424258 3.0494107 2.8429786 2.7950486 3.5436270 3.6107698 3.3000578 3.2557551 3.6116671 3.5297820 2.9743362 3.2343790 3.2505241 3.1773708 3.1982147 3.4156739 3.5026023 3.4853636 3.1710830 3.4111603 3.0353443 3.0300968 3.2851966 3.8957867 3.4104861 3.6999269 3.4206188 3.3384698 3.1927970 3.6043907 2.8425884 2.7323442 2.9337246 2.9955288 3.0345871 3.1009588 3.2521030 3.0182567 2.9915408 2.7283589 3.6582068 4.4943800 4.2708321 4.5600196 4.5219705 3.7840608 3.5699609 3.1866217 3.2606576 3.7173916 3.8160029 2.9861698 2.8566738 3.5051291 3.0523170 3.1195438 3.0488073 4.0455617 3.9128370 3.6855412 4.0546379 3.2775337 3.6635809 4.4367971 3.3308830 3.8878591 3.9340274 4.3077908 3.9524406 3.6755363 3.9410507 4.0592346 3.7989747 3.5571825 3.7801943 2.7142326 3.8066212 3.7535791 3.3398883 3.4100948 2.9717535 4.0938088 3.3836498 3.4928534 3.5810285 3.6464054 3.6913233 3.9355250 3.5368217 3.5356281 3.5927498 2.9870026 3.2376752 3.6139269 4.2515085 3.6295156 3.7097193 3.2282394 3.6771548 4.0137964 3.6398199 3.8844900 3.8288341 3.1826145 3.8271924 3.8731982 4.5092437 4.5407642 4.3860583 4.3150880 4.7768298 3.9377408 3.5177786 2.9833098 2.8331299 3.8103477 4.1138957 3.9739033 4.6259280 3.2327127 
macacinebeta3_RL11H        3.1782800 3.3202496 3.4581071 3.1709447 1.4978877 1.4611262 1.4682053 1.8409973 0.1697989 0.0000000 0.1549541 1.1130582 1.1146710 1.1455823 2.4974935 3.1853097 3.5756439 4.1189439 3.7586201 3.6105380 3.3799767 3.6870326 3.2754861 3.7780769 3.7194513 3.9382749 4.0210287 4.3122880 3.2732603 2.4826014 2.9299442 3.1039873 3.1223658 3.1833903 3.0759415 3.0438288 3.3520066 3.2664945 4.1081337 4.9327747 3.3161460 3.1773952 3.0701102 2.9943587 3.4581743 3.4775522 3.1642565 3.1190673 3.4207360 3.3397343 2.9756667 3.3242633 3.1305495 3.0796407 2.9975037 3.2813510 3.2966344 3.2804482 3.2168725 3.1955187 3.0505408 2.8931734 3.4917288 3.9133333 3.6151868 3.8326344 3.5253337 3.4376886 3.3597696 3.5393979 2.7309833 2.6154678 2.7780405 3.0239392 2.7828206 2.8134048 3.0255832 2.6263420 2.8974963 2.9171549 3.6690190 4.4906160 4.2769949 4.4355835 4.4127578 3.5027717 3.4617936 3.0642393 3.2848973 3.6871626 3.7341868 3.0859875 2.8873755 3.6661436 3.0107577 3.1061027 3.0356183 4.2275363 3.9910298 3.5844114 4.0865048 3.3500424 3.7342572 4.3156739 3.3800293 3.6382034 3.7620567 4.2364238 4.2520800 3.6991839 3.7758757 4.0017280 3.6511987 3.1636637 3.7081295 2.6430595 3.2984994 3.8229837 3.3477682 3.2578755 3.2207329 4.1423342 3.5608641 3.5200876 3.5646067 3.5882679 4.0586709 4.2205941 3.3734500 3.3424025 3.4014441 2.8171084 3.1350965 3.6847671 4.0678326 3.7655991 3.5508932 2.8441135 3.3478809 4.0129834 3.7127892 4.2059130 3.9844610 3.6331494 3.8017886 4.2896336 4.6470723 4.7095669 4.7290825 4.3634439 4.5161476 3.8683417 3.6347230 2.9320725 3.0212198 3.7975369 3.9121327 4.0639749 4.5763023 3.3161062 
macacinebeta8_RL11H        3.2928872 3.5763953 3.5277913 3.2039920 1.3710172 1.4094389 1.4198259 1.7130438 0.2016319 0.1549541 0.0000000 1.1061871 1.1440558 1.1814384 2.2824119 3.1750738 3.8202350 4.1559122 3.8609610 3.6948135 3.6004382 3.8342308 3.5289038 3.8355984 3.8677199 4.0884861 4.2487672 4.4020944 3.4982476 2.6046518 2.9842591 3.1952460 3.0399919 3.2118437 3.0495316 3.0233790 3.7644429 3.4055926 4.3913808 5.5346988 3.5479497 3.2716237 3.1821437 3.1352473 3.3173404 3.4128695 3.1677631 2.9028587 3.1820123 3.0904652 3.0964275 3.2370109 3.0932872 3.0562231 3.1939784 3.3565692 3.3358767 3.3272047 3.2932299 3.2455138 3.0967391 2.9827676 3.3936859 3.9017629 3.6570046 3.9255001 3.5269201 3.3939896 3.2712901 3.3298694 2.7266629 2.5414339 2.8347499 3.0011312 2.7964987 2.8001071 3.2224765 2.5967471 2.8332520 2.8504256 3.6049962 4.5997489 4.3969561 4.5612907 4.5536318 3.4250302 3.4713845 3.0113085 3.2595911 3.6628208 3.6573268 3.1885316 2.9224625 3.7104127 3.1958548 3.2694935 3.1353182 4.3350704 3.9845265 3.7013060 4.2640726 3.4627404 3.6623060 4.3739561 3.3248587 3.6740416 3.9791777 4.5223013 3.7164499 3.7805453 3.8246754 3.9675619 4.0415705 3.3644695 3.9675721 2.8394087 3.7048255 3.9330417 3.2925518 3.3443256 3.4493949 4.2748528 3.5924590 3.6712254 4.0352548 3.9037929 4.1831392 4.2049980 3.6982738 3.6944164 3.7475671 3.0239550 3.3587487 3.4352254 4.1280006 3.8433038 3.4932678 2.8054343 3.5064851 4.1251939 3.9566719 4.0379510 4.0087062 3.6487377 3.9497535 4.0771284 4.7561351 5.0544958 4.7443669 4.5403491 4.9416706 3.8354885 3.4456627 3.1622152 3.1922429 3.6865569 3.8735541 3.9856532 4.5878743 3.2893055 
macacinebetajap_RL11I      2.4792991 3.2127712 2.7781343 2.9117775 1.6024874 1.4218042 1.4454761 1.5850656 1.1243776 1.1130582 1.1061871 0.0000000 0.3786472 0.3900882 2.2796139 2.9853420 3.2173226 3.2371469 3.1269664 3.1925393 3.0087022 3.4841744 3.0356584 3.1689394 3.3168439 3.0048568 2.9353294 3.2437712 2.5050924 2.6892555 2.2990410 2.5685239 2.2810638 2.4843515 2.3926892 2.3563402 2.4181241 2.9024671 2.9283955 3.4612589 2.7441330 2.6370025 2.6446057 2.7207023 2.8125254 2.7920195 2.5415262 2.7603875 2.8130999 2.7334581 2.2853853 2.4998338 2.7197717 2.4637945 2.3695395 2.8196861 2.8822765 2.9378741 2.8280667 3.0495806 2.9365116 2.7453962 2.7833476 3.1108502 2.9197487 2.9632216 2.9565116 2.7642018 3.3179421 3.3651290 2.6943085 2.5150086 2.5812310 2.9235996 2.8645357 2.6070656 3.1196655 3.1299489 2.8450601 3.3305721 3.9099729 5.3715268 4.2720611 3.8629802 4.0318995 3.1792366 3.0963132 2.9959852 3.1085418 3.3793154 3.2212513 2.9357329 2.8825843 3.2655486 2.9839315 3.0221155 2.9844981 3.3920323 3.4448186 3.3406245 3.6947834 3.2053796 3.3670948 3.9765109 3.4731421 2.9184564 3.5536988 4.2157074 3.5071367 2.8554519 3.2244280 3.8303345 3.3421692 3.2544413 3.5595259 3.3609677 3.2593203 3.3184282 3.1649531 2.8101066 3.0309272 3.0179848 3.3220283 3.0332458 3.1682889 3.1499306 3.3710300 3.2092206 3.2188840 3.2078009 3.3633601 3.1436232 2.9763139 3.4603597 3.3324482 3.5802494 3.5596471 2.9744356 3.3846537 3.0830753 2.4864973 3.4231165 3.2794882 2.8970040 3.4430689 3.4736504 4.1575149 4.0955948 4.5042633 3.6723561 4.0610527 3.7762283 3.3708874 2.9459518 2.6331458 3.3846507 3.8020087 3.1271018 3.3605188 3.5156739 
macacinebeta3_RL11I        2.8926632 3.1401027 2.8335410 2.8448615 1.5832379 1.3823742 1.3861187 1.6158520 1.0961982 1.1146710 1.1440558 0.3786472 0.0000000 0.1200696 2.5043617 2.7496990 3.2175468 3.3188658 2.7539095 3.2069561 2.7828431 3.1445558 2.7778792 2.9265911 2.9702720 2.5784482 2.5739667 2.7092076 2.5912136 2.5891559 2.5638188 2.7056748 2.5453485 2.6993760 2.5814938 2.4436935 2.3812653 2.6978757 3.0769039 4.3851374 2.9333519 3.1931686 3.1589057 3.1059796 2.8174016 2.6249600 2.4293826 2.5589695 2.6201918 2.4887827 2.4194096 2.5025559 2.6383299 2.5109030 2.4770826 3.2155219 3.0682540 3.1571132 2.8335326 3.0060943 3.0168780 2.7408258 2.9329620 3.2005023 3.0842345 3.0140626 3.0364546 2.8922564 3.1556744 3.3616921 2.5982069 2.4848037 2.6776739 3.0082397 2.7340198 2.7328194 3.1796985 3.3467455 2.8408650 3.0553383 3.9115827 4.9850608 4.3556485 3.6903660 3.7691521 3.1187708 3.0835837 2.9201591 3.3256603 3.4447004 3.4133499 3.2764355 3.1206120 3.7950243 2.9005792 2.9705799 2.9075103 3.8061578 3.4196757 3.6541934 3.8640244 3.0447077 3.4623965 3.7987875 3.2021550 2.7636633 2.9894629 3.7103152 3.5923008 2.8087597 3.1148023 3.8202871 3.1278687 3.2442232 3.6717152 3.5705625 3.6270881 3.7072926 3.1490391 3.1143587 3.1809107 3.3893436 3.3169101 3.2605110 2.8375366 3.4802990 3.4827828 3.3145534 3.4728392 3.3926514 3.5543906 3.0693115 3.0186021 3.0826436 3.0381621 3.6472745 4.1976974 3.5903320 3.9868318 3.5864810 2.9684690 3.6514717 3.4265135 2.7908761 3.7009804 3.7150783 4.1885646 3.4391325 4.0587157 3.6533217 4.0425137 3.5971488 3.6366339 3.0183090 2.7554267 3.6881752 3.9470707 3.4406034 3.5603459 3.4879910 
macacinebeta8_RL11I        2.7928322 3.2866951 3.0064146 2.9680235 1.6019050 1.3688361 1.4224860 1.6815278 1.1301996 1.1455823 1.1814384 0.3900882 0.1200696 0.0000000 2.6266166 2.9188343 3.4421182 3.6325890 2.8828650 3.4794714 2.9681010 3.4092910 2.9616281 3.2018900 3.1621202 2.9830303 2.8883828 3.1372353 2.6145072 2.6805632 2.5639738 2.6821761 2.5477691 2.6859407 2.5991464 2.4562602 2.5197306 2.8364779 3.4229621 4.5810937 3.1933574 3.2022356 3.1616754 3.2841316 2.8817907 2.7208867 2.6045031 2.7247374 2.6152957 2.5800087 2.4711466 2.6371861 2.6436044 2.5956642 2.5214825 3.2008469 3.1131617 3.1924576 2.9522041 3.0695010 3.3210792 2.9689133 3.0365107 3.2503452 3.3021252 3.1571331 3.1283590 2.9828067 3.3544349 3.5388008 2.7785263 2.6652282 2.8680732 3.3248263 2.9899922 2.9778483 3.1863021 3.3856719 2.7357170 3.2395144 3.7160897 4.6440899 4.0989064 3.5480951 3.7355725 3.3578340 3.1028912 3.0473812 3.3080781 3.5513504 3.3924925 3.1806235 3.0907466 3.7568362 2.9747475 3.0346878 2.9818496 3.9774431 3.7438276 3.6448908 3.9818285 3.1284420 3.6986303 3.9877658 3.3128065 2.7911130 2.9819105 3.8264937 3.8072460 3.0030611 2.9613510 3.9315157 3.4527311 3.1226357 3.7353819 3.7464695 3.7528491 3.7730382 3.3642477 3.0455358 3.1964977 3.4840913 3.4927859 3.5205922 3.2655367 3.8336258 3.7181015 3.5883378 3.6095107 3.4744878 3.6414694 2.9707662 3.0877023 3.1899221 3.4928595 3.6886871 4.3212204 3.3568826 4.0448972 3.6537489 2.9302173 3.7603214 3.5064189 3.1092209 3.8622518 3.8291131 4.1246708 3.7912364 4.0393468 3.6538162 3.9703567 3.7811664 3.4928451 3.0537975 2.8132744 3.6641321 3.8720604 3.6388712 3.6387316 3.5742040 
humanbeta5_UL4             3.4669045 3.1547094 3.0676608 2.6244424 2.3252222 2.1705099 2.0609323 2.1303654 2.4846141 2.4974935 2.2824119 2.2796139 2.5043617 2.6266166 0.0000000 2.4596461 2.8672886 2.8016694 2.4648591 2.7687010 2.8709384 3.1564937 2.8130302 2.3040198 2.1443872 2.2340236 2.3300278 2.3217775 2.5146570 1.9475393 2.9136242 3.0965134 2.6151710 2.5461783 2.5583664 2.5702881 2.3307267 2.8021283 6.1400818 8.6699399 6.6096226 3.7294694 3.4473220 3.7313068 2.3932906 2.4704477 2.1084262 2.1604941 2.6668493 2.6035723 3.5320615 3.2514714 2.3569369 2.8123294 2.7949199 2.5795470 2.9977773 3.0838733 2.9478787 3.3819956 2.2731612 2.0854944 3.1431478 3.1099222 2.8024424 2.8342343 2.7052622 2.8138829 2.8584017 3.0509678 2.3940084 2.1559747 2.2286057 2.2165910 2.6555456 2.1731771 3.4779751 3.0455429 2.3418899 2.5838834 3.2119935 3.7918557 3.1817192 2.9605587 2.8068622 2.9426754 2.6619133 2.9256153 2.6400868 2.6612905 2.6783533 2.8790035 2.9040937 3.3660373 3.1506325 3.1817853 3.0546157 2.5888498 2.4968363 2.4781843 2.8131608 3.1570910 2.8303153 2.7955551 2.5518176 2.7400022 3.3440140 2.8533273 4.0233636 3.5561364 3.4999014 2.3451626 2.7761790 3.4303099 4.3387575 2.8073633 3.1550233 3.0883242 3.1572266 3.3344525 3.1955764 3.4963276 3.7514682 3.2844413 3.3715272 3.2934809 3.2232035 4.0046537 3.0356840 3.1409056 3.1043948 3.0955583 2.9915810 2.8562782 2.9400697 3.7432922 3.7634855 3.7771133 3.9862116 3.0476612 2.7813250 3.5882948 4.0384547 3.3003906 3.8573786 3.9499968 2.9024336 2.9789703 2.9090167 2.9112944 2.7568760 3.3512619 3.9683216 3.5289668 2.6729573 3.3059146 3.4393680 3.1546888 3.2745797 3.0377885 
cercopithecinebeta5_RL11K  3.4093254 3.2335677 2.5544785 2.3186124 2.9470312 3.2437823 3.0631254 2.9887021 3.2200331 3.1853097 3.1750738 2.9853420 2.7496990 2.9188343 2.4596461 0.0000000 1.1937122 1.1470306 1.2446437 1.4230196 1.5976089 1.7580320 1.7016295 2.1677368 1.9569818 1.9656871 1.9423548 2.0893024 2.3835519 2.2787907 2.0808828 2.3069877 2.0787985 2.3364314 2.2783859 2.2915398 2.2727141 2.1175130 3.1613712 4.2914999 3.2245459 3.4797644 3.2713706 3.3869716 2.2763025 2.2990018 2.0519753 2.0531352 1.9902499 1.9706465 2.5080213 2.6508041 2.1632786 2.4640808 2.2947838 2.4412178 2.6322209 2.5603133 2.4410361 2.4856479 2.4364524 2.4085083 3.0753698 2.8477334 2.9020730 2.9010251 2.6436272 2.6757153 3.0244951 3.1246098 2.5445092 2.4748746 2.5735799 2.8648759 2.8104193 2.9299561 3.1997732 2.9257603 2.5872177 3.2796286 3.2604085 3.5865306 3.3306650 3.4376360 3.2504817 2.6534290 2.6050166 2.6010922 2.5628407 2.5533019 2.5684898 3.0988987 3.1208477 3.4095107 2.9111184 2.9038394 2.9985205 2.6083965 2.4626308 2.8420180 3.1511479 2.7910156 3.2239420 3.7246266 2.7795846 2.8115373 3.0050457 3.1802309 3.0250911 2.9145271 2.8468440 2.9149041 2.4753386 3.0571385 3.6654920 3.0438296 2.7924274 4.0042997 3.7142046 3.2755227 3.3087482 3.6351384 3.5077075 3.7899191 3.4037812 3.2404962 3.8527324 3.9887445 3.5940233 3.4238000 3.3050053 3.4719081 3.3281006 3.0612451 3.1690492 3.2993558 4.0610422 3.4417451 3.3878675 3.0255223 2.7812572 3.1362790 3.7167110 3.2787160 2.8612368 3.2240852 3.2465418 3.6550533 3.8659671 3.4443838 3.7459799 4.1345897 3.5183909 2.8312593 3.1255677 2.5057647 2.7386770 2.3088856 2.4061665 2.6757451 
mandrillinebeta1_RL11K     3.1132738 3.6925300 2.6153759 2.7458797 3.1905326 3.1398103 3.0364432 3.0909808 3.4729947 3.5756439 3.8202350 3.2173226 3.2175468 3.4421182 2.8672886 1.1937122 0.0000000 0.5121541 1.5009464 1.5677400 1.6517432 1.8574581 1.7378070 2.1817687 2.0564141 2.0465887 1.9697832 2.0277110 2.2769629 2.3303094 2.1085207 2.3800286 1.9832977 2.4103967 2.3321961 2.2799126 2.1378134 2.1441287 3.0327266 4.3849966 3.6464711 3.2495499 3.2371984 3.3874243 2.2844716 2.5094491 2.2003051 2.1631493 2.1533193 2.0836831 2.2112267 2.4036105 2.4860326 2.6405066 2.6440857 2.6316429 2.5749140 2.5071839 2.9153788 2.7985739 2.8196492 2.6424884 2.8842662 2.7452327 2.6159269 2.8650942 2.6622963 2.5888243 2.7886436 2.9778736 2.8181324 2.4858300 2.7168954 2.9466865 3.3642219 2.8036138 3.0285190 3.1967078 2.6871833 3.1377883 3.5228941 3.4013352 3.3907320 3.2654688 3.1734636 2.7226698 2.2312935 2.4288660 2.6047771 2.5413433 2.5751384 3.2301487 3.2480709 3.6024936 2.7869103 2.9127074 2.8769528 2.7771681 2.5611177 3.0245477 2.9220297 2.9511963 3.2639205 3.2174182 3.1051351 2.7871744 3.3680741 3.3285606 3.3921042 3.6510488 2.9996904 2.6287792 2.3283511 2.6440980 3.0927318 2.9538097 2.4383280 4.3113654 3.8618500 3.2521382 3.2813041 3.5744008 3.1604752 3.8174920 3.5447000 3.4532550 4.3320378 4.0257936 3.5618841 3.4525619 3.4547479 3.4066647 3.3999929 3.5012056 3.3207566 3.2135494 3.6208278 3.7923426 3.2466467 3.2172956 3.4129777 3.1921689 4.0421749 2.9558185 3.2796673 3.5876743 4.2204282 3.6172607 3.6153229 3.2882360 3.5967005 3.6485003 3.8802726 3.3932204 3.0653507 3.1244357 3.1025546 2.8949178 2.5781312 2.4305919 
papiinebeta4_RL11K         2.8952203 3.7592044 2.7581751 2.9675262 3.2371960 2.9909476 2.9142767 2.8511015 4.0334214 4.1189439 4.1559122 3.2371469 3.3188658 3.6325890 2.8016694 1.1470306 0.5121541 0.0000000 1.3188076 1.5007941 1.7635056 1.9039593 1.8711767 2.0152937 1.8943255 1.9164276 1.9848993 2.0522403 2.2194506 2.2708779 2.1273191 2.4049123 2.0451180 2.2057663 2.1386810 2.1489779 2.3186932 1.7993471 2.7625175 3.9000926 3.5086583 3.2108267 3.0050120 3.1967995 2.2326995 2.5081395 2.1735203 2.0917229 2.1740822 2.1039085 2.4029241 2.2608341 2.4055796 2.6270207 2.5479879 2.6357991 2.6062622 2.5463126 2.7769526 2.7827275 2.7673723 2.4165679 2.7664310 2.8290958 2.7568507 2.6967305 2.5420957 2.5008101 2.6963231 2.6408698 2.9925175 2.6033188 2.8666195 2.9789733 3.1820401 3.0094250 3.3386388 3.1649593 2.7049904 2.7503749 3.2821124 3.0094679 2.8393315 3.1473973 3.0476070 2.5834676 2.6262638 2.8181610 2.6023059 2.4629527 2.5293705 3.0629639 3.0919434 3.2451336 2.9210964 2.9417598 3.0152854 2.6483500 2.3465674 3.1066137 3.2426470 3.1371094 3.2096198 3.1262682 3.3170695 2.9804497 3.2383771 3.2644306 3.4588694 3.4757948 3.0475617 2.5938531 2.2117357 2.3716673 3.8409276 2.9880325 2.2902261 4.0759484 3.9341224 3.4713386 3.1763762 4.0399257 3.2281775 3.6401794 3.5405390 3.5491887 3.9593651 4.1050265 3.7502022 3.4637709 3.3668221 3.7021059 3.4840743 3.1957531 3.1377897 3.3598020 3.8766704 4.2791083 3.5371921 3.2239557 3.6201360 3.2014178 4.1586107 3.0603544 3.3856667 3.6062591 3.4858271 3.6044382 3.5046455 3.1081455 3.3037210 3.5573375 3.0522480 3.0536561 2.9881601 2.9887576 3.2915638 2.6851484 2.8443002 2.5698115 
macacinebetajap_RL11L      3.0777279 2.7579535 2.8036590 2.5811963 2.9176250 2.9657495 3.1787063 2.7901794 3.8090965 3.7586201 3.8609610 3.1269664 2.7539095 2.8828650 2.4648591 1.2446437 1.5009464 1.3188076 0.0000000 0.8001545 1.6531131 1.6841193 1.6892965 2.0422335 1.8346555 1.9624284 1.8330808 1.9744052 1.8822120 2.1319168 2.0917912 2.1878320 1.9876769 2.1634269 2.1700828 2.0805485 2.7788295 1.5936161 2.8398135 3.6248219 2.6052235 2.8510398 2.8358248 2.8492992 2.3312293 2.2887026 2.2213657 1.8854935 2.0439211 1.9388821 2.6426252 2.7071733 2.1231476 2.3430131 2.2242300 2.6924737 2.6177333 2.5826772 2.5752806 2.4237799 2.1101619 2.1683676 2.8486596 2.5393046 2.3633892 2.5476207 2.5116407 2.4838900 2.5711115 2.8056071 2.6808505 2.7234977 2.7313637 2.8025200 3.0926520 2.9289904 2.6820947 2.5506020 2.8290959 2.8947117 2.9519662 2.8072064 2.8242992 2.6429776 2.5957692 2.9372495 3.0818391 2.8522790 2.8047812 2.8495321 3.0017430 2.9525038 3.1640680 3.4443266 2.9845386 2.9302630 2.9108008 3.0449787 3.1280953 3.0541586 3.6364850 3.1098505 3.6366719 3.5356818 2.9359065 2.7464385 2.8392194 2.7594004 3.2177788 3.1314243 2.7104196 3.2077495 2.3680980 3.0775099 3.0419868 2.4849689 2.3960166 3.7051420 3.7501240 3.9491802 3.0433742 3.6836959 2.8874768 3.6537988 3.8601439 3.2706169 3.5674557 3.6607998 3.2593249 3.0696603 3.2532435 2.9130301 2.9997248 2.4725832 3.0298688 3.2369614 3.0333921 2.9714023 3.0371705 3.3276912 3.6355212 3.3511459 3.6186880 3.3258321 3.0588669 3.4555038 3.8844430 4.0254638 4.0003496 3.2365294 3.4071332 3.8465753 3.4877578 2.9218692 2.8222362 2.8458446 3.1032407 2.7243205 2.9997778 2.4509915 
macacinebeta3_RL11L        4.0866959 3.5516408 3.0257609 3.2343804 3.3887357 3.9336050 3.7794169 3.3198441 3.5209349 3.6105380 3.6948135 3.1925393 3.2069561 3.4794714 2.7687010 1.4230196 1.5677400 1.5007941 0.8001545 0.0000000 1.6310212 1.6037748 1.6309005 2.2934373 2.1366898 2.2048611 1.9560088 2.0832328 2.1510246 2.4218334 2.0052775 2.4176064 2.1549181 2.2830357 2.3043343 2.3036655 2.7656264 1.9911774 3.3081237 3.6584355 2.8393742 2.8676031 2.7498936 2.8148725 2.3442936 2.1314720 2.2890784 2.1050746 2.3100267 2.2874428 3.1735689 3.3352995 2.3680904 2.4944482 2.4282529 3.4031724 3.2812913 3.2166627 2.8868871 2.2911390 2.2637379 2.2974848 2.7741999 2.7421923 2.5695974 2.7778050 2.7737613 2.6907412 2.7686072 3.0856637 2.9955167 2.8248360 2.7702130 2.8924622 3.3506721 3.0691671 3.1576629 2.9225904 2.8816016 3.0269350 3.1239391 3.2685187 3.0580063 3.2764239 3.3260500 3.7180222 3.1359625 3.0896649 3.4146751 3.3707011 3.6397354 2.9265675 3.2424720 3.9495841 3.0401548 2.8976866 2.9552828 3.3291996 3.1176148 3.4762363 3.8954276 3.5012991 3.2072908 3.8612990 3.7477866 3.3767762 3.5806993 3.3990901 3.2057949 3.3152819 3.1641425 3.4441598 2.7974503 2.9984703 3.0735150 3.0993724 3.0754444 3.5357333 3.5878701 3.6427501 3.1148744 3.1793256 2.5289218 3.8257444 3.4617812 3.4706336 4.2931969 4.0985332 3.4659220 3.3213410 3.4620990 3.7872070 2.5574932 2.9354079 3.2854492 3.6548342 3.7644125 3.3877239 3.6088456 3.2785808 3.3493060 3.6405893 4.0756693 3.7358422 3.6065637 3.7160233 4.1860771 4.8033008 4.5393644 3.9676065 3.8815606 4.2250771 3.6970687 3.2276614 2.9808587 3.0307913 3.0895375 2.6614296 3.0735505 2.9649569 
macacinebetajap_RL11K      2.6779503 3.0136860 3.1880337 2.9743827 3.2382637 3.2366737 3.2283142 2.7223469 3.4068032 3.3799767 3.6004382 3.0087022 2.7828431 2.9681010 2.8709384 1.5976089 1.6517432 1.7635056 1.6531131 1.6310212 0.0000000 0.2503428 0.4508316 2.5823175 2.4116662 2.3414830 2.2206842 2.3859801 2.1961432 2.3136057 2.1924865 2.4840058 2.1328913 2.3691404 2.4107365 2.2770876 2.4288516 2.3099799 4.0538090 4.3434395 4.1364117 2.9594171 3.0592333 3.2476804 2.6824497 2.5274565 2.5180948 2.5205570 2.5780602 2.4623739 3.0838078 3.1128820 2.7584127 2.7113619 2.7269305 3.0618768 3.2084947 3.1525639 2.8778105 2.8316914 2.5805758 2.5239665 2.8884616 2.7321724 2.4997844 2.7485522 2.4516604 2.4951635 2.9272321 3.2993501 2.8146274 2.7017353 2.7765716 2.9749904 3.1506736 2.9401280 3.2683628 3.0832811 2.5325971 2.2664330 3.1190009 3.1327136 3.3283357 2.9220783 2.8394957 2.9968732 2.5278966 2.8248607 3.2116640 3.2120835 3.2968337 2.8642888 3.0869314 3.0660441 3.1051730 3.1756453 3.2033670 3.0409926 2.9159462 2.5548751 2.8597623 2.8809459 2.7054300 2.8889757 2.9387115 2.7278241 3.0322851 2.9222502 2.9957232 3.3195279 3.0888054 2.9412434 2.4856976 2.9780119 3.4013113 2.6219566 2.5421394 3.2266649 3.2812323 3.5663907 3.0040836 3.1951800 2.9366212 2.9864330 2.7993414 3.2364853 3.2004641 3.6982876 3.1049012 3.5688565 3.4061810 3.1157197 3.0064942 2.7509115 2.7993379 3.4609998 3.3732301 3.1406054 3.5589990 2.9016251 2.6993716 3.0756595 3.4788602 3.1926267 2.8942235 3.2304726 3.7950260 4.1317226 3.5879129 3.1976395 3.4801221 3.8431326 3.7468838 3.6757202 2.9349458 3.5479628 4.2214697 3.3920458 3.2892032 3.3997900 
macacinebeta3_RL11K        2.9349157 2.8232458 3.4140100 2.8611111 3.0523477 3.3397937 3.2591823 2.7078141 3.6121218 3.6870326 3.8342308 3.4841744 3.1445558 3.4092910 3.1564937 1.7580320 1.8574581 1.9039593 1.6841193 1.6037748 0.2503428 0.0000000 0.4338077 2.6970760 2.4596622 2.2852913 2.2226014 2.3423979 2.2019113 2.4042082 2.3142350 2.7144278 2.3131189 2.5787448 2.6240348 2.4810013 2.5911618 2.3419785 3.9249303 4.2483730 4.0766042 2.9245951 3.0732601 3.0830928 2.7479222 2.5500648 2.4231048 2.3993812 2.5945857 2.4629568 3.0261730 3.1423508 2.6976729 2.8628372 2.7961318 3.0694959 3.3531661 3.2918135 2.6990340 2.8840284 2.5060517 2.4730995 2.9608815 2.8773866 2.5567683 2.8827266 2.5391548 2.6402633 2.9763261 3.0082955 2.8904646 2.7770204 2.7975597 2.9198726 3.2500766 2.9682642 3.0945886 3.0773104 2.5456975 2.3338329 3.2531588 3.1676118 3.3256632 3.2644139 3.1727565 3.0943057 2.7468036 3.0309729 2.8423933 2.8129658 2.9425075 2.9693414 3.3598793 3.4191061 3.5708624 3.6172730 3.5515207 3.0082008 3.1446685 2.4927081 2.8963903 3.1586053 2.7324607 2.6724754 3.2242111 2.9587159 2.9141913 2.7059801 2.7344362 2.7062980 2.6472666 2.8452436 2.5473510 3.2900876 3.3214512 2.7142872 2.5942486 3.2292319 3.5858993 3.7322047 3.0119778 3.5017585 3.0575093 3.2380466 2.9491300 3.3939598 3.5739256 3.9514131 3.4011362 4.0050796 3.9404919 3.3254889 3.3237901 2.9959670 2.9380856 3.6315116 3.8430422 3.5589988 4.1008668 2.9083262 2.7802671 3.9768969 3.8417299 3.2055981 3.2682868 3.2865067 4.1451222 4.1867305 4.1396843 3.4545634 3.5677962 3.8750517 4.2032157 3.9204099 3.4323749 3.2742127 3.9244438 3.0732585 3.0069211 3.3060072 
macacinebeta8_RL11K        2.6518502 2.7392316 2.9231597 2.8288910 3.1865364 2.9448147 2.9900884 2.7925061 3.1422181 3.2754861 3.5289038 3.0356584 2.7778792 2.9616281 2.8130302 1.7016295 1.7378070 1.8711767 1.6892965 1.6309005 0.4508316 0.4338077 0.0000000 2.4768209 2.3353620 2.4070099 2.3271183 2.4002190 2.3779976 2.3657471 2.1859154 2.3992035 2.0007900 2.2673162 2.2482871 2.1935469 2.2489730 2.3954239 3.7240038 4.3579096 3.9812559 3.1282730 3.2276099 3.4288839 2.5578064 2.4102077 2.4362914 2.3778928 2.3303487 2.2613789 2.7697776 2.9614757 2.8571173 3.0667778 2.9291644 3.1910960 3.2297376 3.1892857 2.9239939 2.6794015 2.3383456 2.4390193 3.1314885 2.8163427 2.6282969 2.8881368 2.6593588 2.6045743 3.1890507 3.1464801 2.8508277 2.9311841 2.9112976 3.1508341 3.3402343 2.9571176 3.0375370 3.1009140 2.6798339 2.6451219 3.1746615 3.3289577 3.4252359 3.1471750 3.0930249 2.9755053 2.6844274 2.7351789 3.1670090 3.2378899 3.0490935 2.7627546 2.9646950 3.2513053 3.0286315 3.1442103 3.2172466 3.1192569 2.9186555 2.5168101 2.7955915 3.0190989 2.9726669 2.9768166 3.0670926 2.8446954 2.7770459 2.7102635 3.2126203 3.2275661 2.9037196 2.8622648 2.5087585 2.8092917 2.9688045 2.5822650 2.7040774 3.2080880 3.1221463 3.0141154 3.0084469 3.0556170 2.8905172 2.9124382 2.7930825 3.2287323 3.2680418 3.2932789 2.9197991 3.5048292 3.3903494 3.0624480 2.7795308 2.8697529 2.9180949 3.3956659 3.8827702 3.4368755 4.0669728 3.2368197 2.7364944 3.1659882 3.2898563 3.2071747 3.2121289 3.1062120 3.8345820 4.1702153 4.0876613 3.2530065 3.2504069 3.7040912 3.6350877 3.7576506 3.1603290 3.1190321 3.8853497 3.2368903 3.0078858 3.1288501 
cercopithecinebeta5_RL11M  5.0654502 2.4391473 2.6170584 2.7423699 3.3663778 3.4390684 3.5082795 3.2524687 3.8470613 3.7780769 3.8355984 3.1689394 2.9265911 3.2018900 2.3040198 2.1677368 2.1817687 2.0152937 2.0422335 2.2934373 2.5823175 2.6970760 2.4768209 0.0000000 0.6437851 0.8180651 0.8025241 0.8639553 1.7317914 2.2338442 1.8662029 2.0982935 2.1680646 2.0974372 2.1298207 2.0813299 2.5155061 2.0234406 3.8646281 5.3557125 3.5585032 3.9068600 3.6174431 4.0138593 2.3806087 2.0860441 2.1272256 2.2912798 2.3138212 2.2056796 2.5372872 2.4230964 2.6085013 3.0888032 2.5184502 2.5946233 2.8592539 2.8836475 2.9590217 2.6407003 2.2611360 2.5331414 2.9111446 2.8440697 3.2059586 2.9843380 2.8279924 3.0192420 3.0366229 2.9729008 2.9968179 2.6583607 2.7991224 2.9383551 2.9370991 3.1026266 2.7502490 2.7031506 2.6605959 2.5527199 2.5641607 3.0694599 2.7268288 2.3790009 2.3820708 2.7703441 3.1575301 3.1939403 2.6831055 2.7719697 2.8841503 3.3463189 3.6112174 3.7241139 3.0900510 3.0510146 3.1787289 3.0126730 3.0160797 2.9207117 3.2348827 2.8235431 3.0463276 3.2581692 3.1899105 3.0359507 2.7083343 3.0719839 2.5936173 2.5661711 2.5950513 3.0727717 2.7256428 2.9081894 3.3886199 3.3390146 2.8429121 3.5022311 3.6749677 3.6595152 3.0007253 4.1334989 3.4730079 3.7975681 3.0930881 3.1799829 3.5685610 3.6398616 4.3730999 4.0541944 4.1307494 3.7754919 3.2333157 3.2223449 2.9248826 3.4588586 3.6563423 4.1598864 3.9230402 3.6247809 3.7398120 3.6477606 3.7487812 2.9028161 3.8257351 3.6313831 4.2568646 3.9601187 3.6154132 3.8367006 3.8673224 3.0038507 3.1641929 3.1439430 2.9549456 2.5626689 3.0906273 2.7303412 2.4197511 2.2322060 
